1604057158.59	1604057158.63
1604057158.63	1604057158.7
1604057158.71	1604057158.72
1604057158.73	1604057158.78
1604057158.78	1604057158.83
1604057158.84	1604057158.92
1604057158.93	1604057158.97
1604057158.97	1604057159.02
1604057159.03	1604057159.06
1604057159.06	1604057159.07
1604057159.07	1604057159.12
1604057159.13	1604057159.18
1604057159.19	1604057159.23
1604057159.23	1604057159.3
1604057159.31	1604057159.32
1604057159.33	1604057159.38
1604057159.38	1604057159.39
1604057159.4	1604057159.42
1604057159.43	1604057159.53
1604057159.54	1604057159.6
1604057159.61	1604057159.62
1604057159.62	1604057159.68
1604057159.69	1604057159.72
1604057159.73	1604057159.75
1604057159.76	1604057159.76
1604057159.77	1604057159.79
1604057159.79	1604057159.8
1604057159.81	1604057159.83
1604057159.83	1604057159.84
1604057159.84	1604057159.88
1604057159.89	1604057159.92
1604057159.93	1604057159.98
1604057159.99	1604057160.02
1604057160.03	1604057160.08
1604057160.08	1604057160.15
1604057160.16	1604057160.26
1604057160.27	1604057160.28
1604057160.28	1604057160.32
1604057160.33	1604057160.33
1604057160.34	1604057160.35
1604057160.36	1604057160.39
1604057160.39	1604057160.55
1604057160.56	1604057160.58
1604057160.59	1604057160.62
1604057160.63	1604057160.64
1604057160.64	1604057160.65
1604057160.66	1604057160.9
1604057160.91	1604057160.92
1604057160.93	1604057160.95
1604057160.95	1604057160.96
1604057160.97	1604057160.98
1604057160.98	1604057161.05
1604057161.06	1604057161.07
1604057161.07	1604057161.08
1604057161.08	1604057161.14
1604057161.15	1604057161.17
1604057161.17	1604057161.25
1604057161.26	1604057161.27
1604057161.28	1604057161.29
1604057161.3	1604057161.36
1604057161.37	1604057161.38
1604057161.38	1604057161.39
1604057161.4	1604057161.4
1604057161.41	1604057161.41
1604057161.42	1604057161.44
1604057161.45	1604057161.61
1604057161.61	1604057161.62
1604057161.63	1604057161.75
1604057161.76	1604057161.89
1604057161.9	1604057162.06
1604057162.07	1604057162.08
1604057162.09	1604057162.15
1604057162.15	1604057162.23
1604057162.24	1604057162.31
1604057162.31	1604057162.37
1604057162.38	1604057162.57
1604057162.58	1604057162.62
1604057162.63	1604057162.68
1604057162.68	1604057162.72
1604057162.72	1604057162.74
1604057162.75	1604057162.75
1604057162.76	1604057162.93
1604057162.94	1604057162.94
1604057162.95	1604057162.96
1604057162.96	1604057163.0
1604057163.0	1604057163.01
1604057163.01	1604057163.05
1604057163.06	1604057163.12
1604057163.12	1604057163.2
1604057163.2	1604057163.21
1604057163.22	1604057163.23
1604057163.24	1604057163.24
1604057163.25	1604057163.33
1604057163.34	1604057163.4
1604057163.4	1604057163.41
1604057163.42	1604057163.5
1604057163.51	1604057163.52
1604057163.53	1604057163.56
1604057163.57	1604057163.65
1604057163.65	1604057163.68
1604057163.69	1604057163.7
1604057163.71	1604057163.72
1604057163.73	1604057163.74
1604057163.74	1604057163.88
1604057163.89	1604057163.91
1604057163.91	1604057163.92
1604057163.93	1604057163.97
1604057163.98	1604057163.99
1604057163.99	1604057164.03
1604057164.04	1604057164.06
1604057164.07	1604057164.08
1604057164.08	1604057164.18
1604057164.18	1604057164.2
1604057164.21	1604057164.22
1604057164.23	1604057164.25
1604057164.25	1604057164.32
1604057164.32	1604057164.34
1604057164.35	1604057164.37
1604057164.38	1604057164.41
1604057164.42	1604057164.42
1604057164.43	1604057164.44
1604057164.45	1604057164.46
1604057164.46	1604057164.49
1604057164.49	1604057164.5
1604057164.51	1604057164.57
1604057164.58	1604057164.58
1604057164.59	1604057164.67
1604057164.68	1604057164.76
1604057164.77	1604057164.81
1604057164.82	1604057164.86
1604057164.86	1604057164.89
1604057164.9	1604057164.92
1604057164.93	1604057164.93
1604057164.94	1604057164.96
1604057164.97	1604057165.03
1604057165.03	1604057165.06
1604057165.07	1604057165.07
1604057165.08	1604057165.09
1604057165.09	1604057165.12
1604057165.13	1604057165.2
1604057165.2	1604057165.22
1604057165.22	1604057165.25
1604057165.26	1604057165.31
1604057165.31	1604057165.37
1604057165.38	1604057165.41
1604057165.42	1604057165.45
1604057165.46	1604057165.56
1604057165.56	1604057165.63
1604057165.63	1604057165.65
1604057165.66	1604057165.67
1604057165.68	1604057165.75
1604057165.76	1604057165.76
1604057165.77	1604057165.79
1604057165.8	1604057165.85
1604057165.86	1604057165.86
1604057165.87	1604057165.89
1604057165.9	1604057165.9
1604057165.91	1604057165.94
1604057165.95	1604057165.97
1604057165.98	1604057166.01
1604057166.02	1604057166.02
1604057166.03	1604057166.09
1604057166.1	1604057166.13
1604057166.14	1604057166.15
1604057166.15	1604057166.16
1604057166.17	1604057166.23
1604057166.24	1604057166.25
1604057166.25	1604057166.3
1604057166.31	1604057166.32
1604057166.32	1604057166.33
1604057166.34	1604057166.37
1604057166.38	1604057166.6
1604057166.6	1604057166.64
1604057166.64	1604057166.66
1604057166.67	1604057166.67
1604057166.68	1604057166.72
1604057166.73	1604057166.77
1604057166.78	1604057166.78
1604057166.79	1604057166.85
1604057166.85	1604057166.87
1604057166.88	1604057166.9
1604057166.9	1604057166.96
1604057166.96	1604057166.98
1604057166.99	1604057166.99
1604057167.0	1604057167.08
1604057167.08	1604057167.11
1604057167.11	1604057167.2
1604057167.21	1604057167.22
1604057167.22	1604057167.23
1604057167.24	1604057167.28
1604057167.28	1604057167.31
1604057167.31	1604057167.34
1604057167.34	1604057167.39
1604057167.39	1604057167.42
1604057167.43	1604057167.52
1604057167.53	1604057167.61
1604057167.62	1604057167.64
1604057167.65	1604057167.67
1604057167.68	1604057167.72
1604057167.72	1604057167.74
1604057167.75	1604057167.76
1604057167.76	1604057167.79
1604057167.8	1604057167.88
1604057167.89	1604057167.91
1604057167.92	1604057167.98
1604057167.99	1604057168.0
1604057168.01	1604057168.03
1604057168.04	1604057168.12
1604057168.12	1604057168.17
1604057168.17	1604057168.19
1604057168.2	1604057168.22
1604057168.23	1604057168.25
1604057168.25	1604057168.26
1604057168.27	1604057168.28
1604057168.29	1604057168.33
1604057168.34	1604057168.35
1604057168.36	1604057168.41
1604057168.41	1604057168.44
1604057168.45	1604057168.49
1604057168.52	1604057168.52
1604057168.53	1604057168.55
1604057168.55	1604057168.64
1604057168.65	1604057168.66
1604057168.66	1604057168.7
1604057168.71	1604057168.77
1604057168.78	1604057168.8
1604057168.81	1604057168.84
1604057168.85	1604057168.86
1604057168.86	1604057168.87
1604057168.88	1604057168.92
1604057168.93	1604057168.94
1604057168.94	1604057168.95
1604057168.96	1604057168.99
1604057168.99	1604057169.01
1604057169.01	1604057169.05
1604057169.06	1604057169.08
1604057169.09	1604057169.11
1604057169.12	1604057169.13
1604057169.13	1604057169.14
1604057169.15	1604057169.18
1604057169.18	1604057169.29
1604057169.29	1604057169.3
1604057169.31	1604057169.34
1604057169.35	1604057169.38
1604057169.39	1604057169.4
1604057169.4	1604057169.44
1604057169.45	1604057169.46
1604057169.47	1604057169.48
1604057169.49	1604057169.58
1604057169.59	1604057169.6
1604057169.6	1604057169.71
1604057169.72	1604057169.73
1604057169.74	1604057169.79
1604057169.79	1604057169.79
1604057169.8	1604057169.83
1604057169.84	1604057169.93
1604057169.94	1604057169.97
1604057169.98	1604057170.01
1604057170.01	1604057170.02
1604057170.03	1604057170.04
1604057170.05	1604057170.1
1604057170.11	1604057170.17
1604057170.17	1604057170.2
1604057170.21	1604057170.23
1604057170.23	1604057170.23
1604057170.24	1604057170.25
1604057170.26	1604057170.26
1604057170.27	1604057170.29
1604057170.29	1604057170.32
1604057170.33	1604057170.34
1604057170.34	1604057170.37
1604057170.38	1604057170.4
1604057170.41	1604057170.41
1604057170.42	1604057170.45
1604057170.46	1604057170.47
1604057170.47	1604057170.49
1604057170.49	1604057170.51
1604057170.51	1604057170.61
1604057170.62	1604057170.68
1604057170.69	1604057170.72
1604057170.73	1604057170.8
1604057170.81	1604057170.82
1604057170.82	1604057170.84
1604057170.85	1604057170.89
1604057170.89	1604057170.9
1604057170.91	1604057170.91
1604057170.92	1604057170.93
1604057170.93	1604057170.95
1604057170.96	1604057170.97
1604057170.97	1604057171.01
1604057171.02	1604057171.03
1604057171.03	1604057171.08
1604057171.08	1604057171.1
1604057171.11	1604057171.17
1604057171.19	1604057171.26
1604057171.26	1604057171.3
1604057171.31	1604057171.35
1604057171.35	1604057171.39
1604057171.4	1604057171.41
1604057171.42	1604057171.49
1604057171.5	1604057171.52
1604057171.52	1604057171.53
1604057171.54	1604057171.55
1604057171.56	1604057171.61
1604057171.61	1604057171.65
1604057171.65	1604057171.67
1604057171.67	1604057171.78
1604057171.79	1604057171.81
1604057171.82	1604057171.9
1604057171.91	1604057171.99
1604057172.0	1604057172.01
1604057172.01	1604057172.07
1604057172.07	1604057172.12
1604057172.12	1604057172.13
1604057172.14	1604057172.27
1604057172.28	1604057172.29
1604057172.29	1604057172.3
1604057172.31	1604057172.49
1604057172.49	1604057172.58
1604057172.59	1604057172.62
1604057172.62	1604057172.81
1604057172.81	1604057172.85
1604057172.86	1604057172.87
1604057172.87	1604057172.97
1604057172.97	1604057172.98
1604057172.99	1604057173.02
1604057173.02	1604057173.06
1604057173.07	1604057173.19
1604057173.2	1604057173.38
1604057173.39	1604057173.4
1604057173.41	1604057173.42
1604057173.42	1604057173.43
1604057173.44	1604057173.45
1604057173.46	1604057173.46
1604057173.47	1604057173.48
1604057173.49	1604057173.5
1604057173.5	1604057173.52
1604057173.53	1604057173.54
1604057173.54	1604057173.64
1604057173.64	1604057173.66
1604057173.68	1604057173.72
1604057173.73	1604057173.74
1604057173.75	1604057173.78
1604057173.79	1604057173.8
1604057173.81	1604057173.81
1604057173.82	1604057173.83
1604057173.84	1604057173.87
1604057173.88	1604057174.02
1604057174.03	1604057174.07
1604057174.08	1604057174.09
1604057174.09	1604057174.11
1604057174.11	1604057174.13
1604057174.13	1604057174.15
1604057174.15	1604057174.28
1604057174.28	1604057174.29
1604057174.3	1604057174.31
1604057174.32	1604057174.34
1604057174.34	1604057174.36
1604057174.36	1604057174.4
1604057174.42	1604057174.42
1604057174.43	1604057174.44
1604057174.44	1604057174.58
1604057174.59	1604057174.66
1604057174.66	1604057174.73
1604057174.73	1604057174.75
1604057174.76	1604057174.81
1604057174.82	1604057174.84
1604057174.85	1604057174.94
1604057174.94	1604057174.96
1604057174.97	1604057175.0
1604057175.01	1604057175.04
1604057175.04	1604057175.11
1604057175.12	1604057175.12
1604057175.13	1604057175.16
1604057175.17	1604057175.22
1604057175.22	1604057175.23
1604057175.23	1604057175.25
1604057175.25	1604057175.26
1604057175.27	1604057175.31
1604057175.31	1604057175.32
1604057175.33	1604057175.37
1604057175.38	1604057175.38
1604057175.39	1604057175.46
1604057175.47	1604057175.55
1604057175.56	1604057175.62
1604057175.63	1604057175.73
1604057175.73	1604057175.81
1604057175.82	1604057175.84
1604057175.84	1604057175.86
1604057175.87	1604057175.92
1604057175.93	1604057175.95
1604057175.96	1604057175.99
1604057175.99	1604057176.0
1604057176.0	1604057176.02
1604057176.02	1604057176.03
1604057176.04	1604057176.05
1604057176.05	1604057176.05
1604057176.06	1604057176.13
1604057176.13	1604057176.13
1604057176.14	1604057176.18
1604057176.19	1604057176.28
1604057176.29	1604057176.42
1604057176.43	1604057176.44
1604057176.45	1604057176.45
1604057176.46	1604057176.5
1604057176.5	1604057176.51
1604057176.52	1604057176.52
1604057176.53	1604057176.57
1604057176.58	1604057176.66
1604057176.67	1604057176.71
1604057176.72	1604057176.73
1604057176.74	1604057176.81
1604057176.82	1604057176.91
1604057176.91	1604057177.0
1604057177.01	1604057177.03
1604057177.04	1604057177.07
1604057177.07	1604057177.08
1604057177.09	1604057177.09
1604057177.1	1604057177.11
1604057177.11	1604057177.13
1604057177.14	1604057177.15
1604057177.16	1604057177.17
1604057177.18	1604057177.2
1604057177.2	1604057177.24
1604057177.25	1604057177.26
1604057177.26	1604057177.28
1604057177.29	1604057177.36
1604057177.36	1604057177.42
1604057177.43	1604057177.49
1604057177.49	1604057177.51
1604057177.51	1604057177.63
1604057177.64	1604057177.65
1604057177.65	1604057177.74
1604057177.74	1604057177.77
1604057177.77	1604057177.8
1604057177.81	1604057177.87
1604057177.87	1604057177.88
1604057177.89	1604057177.89
1604057177.9	1604057177.94
1604057177.95	1604057178.01
1604057178.02	1604057178.02
1604057178.03	1604057178.15
1604057178.16	1604057178.2
1604057178.21	1604057178.23
1604057178.24	1604057178.24
1604057178.25	1604057178.33
1604057178.34	1604057178.35
1604057178.36	1604057178.38
1604057178.39	1604057178.4
1604057178.4	1604057178.41
1604057178.41	1604057178.42
1604057178.43	1604057178.44
1604057178.44	1604057178.5
1604057178.53	1604057178.57
1604057178.57	1604057178.58
1604057178.59	1604057178.6
1604057178.6	1604057178.63
1604057178.63	1604057178.65
1604057178.66	1604057178.72
1604057178.73	1604057178.77
1604057178.77	1604057178.78
1604057178.79	1604057178.85
1604057178.86	1604057179.01
1604057179.02	1604057179.04
1604057179.04	1604057179.11
1604057179.11	1604057179.31
1604057179.32	1604057179.39
1604057179.39	1604057179.4
1604057179.4	1604057179.44
1604057179.45	1604057179.46
1604057179.47	1604057179.49
1604057179.49	1604057179.53
1604057179.53	1604057179.54
1604057179.55	1604057179.58
1604057179.59	1604057179.69
1604057179.69	1604057179.7
1604057179.7	1604057179.71
1604057179.72	1604057179.76
1604057179.76	1604057179.82
1604057179.83	1604057179.84
1604057179.85	1604057179.86
1604057179.86	1604057179.88
1604057179.89	1604057179.9
1604057179.91	1604057179.91
1604057179.92	1604057179.93
1604057179.94	1604057179.95
1604057179.96	1604057179.98
1604057179.99	1604057180.04
1604057180.05	1604057180.07
1604057180.07	1604057180.16
1604057180.17	1604057180.3
1604057180.3	1604057180.36
1604057180.36	1604057180.38
1604057180.39	1604057180.42
1604057180.43	1604057180.45
1604057180.45	1604057180.48
1604057180.49	1604057180.55
1604057180.56	1604057180.57
1604057180.58	1604057180.66
1604057180.67	1604057180.7
1604057180.71	1604057180.76
1604057180.77	1604057180.78
1604057180.78	1604057180.9
1604057180.91	1604057181.0
1604057181.0	1604057181.01
1604057181.02	1604057181.04
1604057181.05	1604057181.16
1604057181.16	1604057181.18
1604057181.19	1604057181.2
1604057181.2	1604057181.27
1604057181.27	1604057181.44
1604057181.44	1604057181.5
1604057181.5	1604057181.59
1604057181.59	1604057181.6
1604057181.61	1604057181.62
1604057181.63	1604057181.63
1604057181.64	1604057181.66
1604057181.67	1604057181.68
1604057181.68	1604057181.69
1604057181.7	1604057181.72
1604057181.73	1604057181.73
1604057181.74	1604057181.81
1604057181.82	1604057181.84
1604057181.85	1604057181.88
1604057181.89	1604057181.9
1604057181.91	1604057181.92
1604057181.93	1604057181.93
1604057181.94	1604057181.94
1604057181.95	1604057182.04
1604057182.05	1604057182.07
1604057182.07	1604057182.13
1604057182.13	1604057182.14
1604057182.15	1604057182.22
1604057182.22	1604057182.23
1604057182.24	1604057182.28
1604057182.29	1604057182.35
1604057182.36	1604057182.37
1604057182.38	1604057182.39
1604057182.4	1604057182.45
1604057182.46	1604057182.55
1604057182.55	1604057182.6
1604057182.6	1604057182.62
1604057182.62	1604057182.7
1604057182.71	1604057182.72
1604057182.73	1604057182.76
1604057182.77	1604057182.77
1604057182.78	1604057182.78
1604057182.79	1604057182.82
1604057182.83	1604057182.89
1604057182.9	1604057183.07
1604057183.07	1604057183.11
1604057183.12	1604057183.18
1604057183.18	1604057183.19
1604057183.2	1604057183.25
1604057183.25	1604057183.31
1604057183.32	1604057183.33
1604057183.33	1604057183.34
1604057183.35	1604057183.35
1604057183.36	1604057183.37
1604057183.37	1604057183.45
1604057183.45	1604057183.55
1604057183.55	1604057183.56
1604057183.57	1604057183.58
1604057183.59	1604057183.61
1604057183.62	1604057183.63
1604057183.64	1604057183.65
1604057183.65	1604057183.84
1604057183.84	1604057183.85
1604057183.86	1604057183.9
1604057183.9	1604057183.93
1604057183.94	1604057183.98
1604057183.99	1604057184.02
1604057184.02	1604057184.06
1604057184.07	1604057184.08
1604057184.08	1604057184.15
1604057184.16	1604057184.17
1604057184.17	1604057184.18
1604057184.19	1604057184.22
1604057184.22	1604057184.25
1604057184.26	1604057184.31
1604057184.31	1604057184.4
1604057184.41	1604057184.43
1604057184.44	1604057184.44
1604057184.45	1604057184.47
1604057184.48	1604057184.5
1604057184.5	1604057184.53
1604057184.53	1604057184.55
1604057184.56	1604057184.58
1604057184.58	1604057184.61
1604057184.62	1604057184.64
1604057184.65	1604057184.66
1604057184.66	1604057184.67
1604057184.68	1604057184.68
1604057184.69	1604057184.74
1604057184.74	1604057184.75
1604057184.76	1604057184.91
1604057184.92	1604057185.0
1604057185.01	1604057185.05
1604057185.06	1604057185.07
1604057185.07	1604057185.11
1604057185.11	1604057185.27
1604057185.27	1604057185.35
1604057185.35	1604057185.38
1604057185.39	1604057185.41
1604057185.42	1604057185.44
1604057185.44	1604057185.46
1604057185.46	1604057185.47
1604057185.48	1604057185.49
1604057185.49	1604057185.52
1604057185.52	1604057185.56
1604057185.56	1604057185.61
1604057185.62	1604057185.64
1604057185.65	1604057185.74
1604057185.75	1604057185.82
1604057185.83	1604057185.9
1604057185.9	1604057185.91
1604057185.92	1604057185.94
1604057185.94	1604057186.02
1604057186.02	1604057186.02
1604057186.03	1604057186.06
1604057186.07	1604057186.17
1604057186.18	1604057186.25
1604057186.26	1604057186.28
1604057186.29	1604057186.32
1604057186.32	1604057186.42
1604057186.43	1604057186.44
1604057186.45	1604057186.6
1604057186.61	1604057186.7
1604057186.71	1604057186.76
1604057186.76	1604057186.79
1604057186.8	1604057186.87
1604057186.88	1604057186.96
1604057186.97	1604057186.99
1604057187.0	1604057187.0
1604057187.01	1604057187.04
1604057187.05	1604057187.13
1604057187.14	1604057187.14
1604057187.15	1604057187.19
1604057187.2	1604057187.21
1604057187.22	1604057187.23
1604057187.23	1604057187.24
1604057187.25	1604057187.32
1604057187.33	1604057187.41
1604057187.42	1604057187.43
1604057187.44	1604057187.45
1604057187.45	1604057187.49
1604057187.5	1604057187.52
1604057187.53	1604057187.56
1604057187.57	1604057187.58
1604057187.59	1604057187.61
1604057187.61	1604057187.62
1604057187.62	1604057187.68
1604057187.69	1604057187.83
1604057187.84	1604057187.84
1604057187.85	1604057187.86
1604057187.87	1604057187.92
1604057187.92	1604057187.97
1604057187.97	1604057187.98
1604057187.99	1604057188.11
1604057188.12	1604057188.19
1604057188.2	1604057188.22
1604057188.23	1604057188.23
1604057188.24	1604057188.25
1604057188.26	1604057188.34
1604057188.34	1604057188.4
1604057188.4	1604057188.47
1604057188.48	1604057188.55
1604057188.58	1604057188.6
1604057188.61	1604057188.62
1604057188.62	1604057188.64
1604057188.65	1604057188.68
1604057188.69	1604057188.73
1604057188.74	1604057188.75
1604057188.76	1604057188.78
1604057188.79	1604057188.82
1604057188.83	1604057188.86
1604057188.86	1604057188.87
1604057188.88	1604057188.89
1604057188.89	1604057188.93
1604057188.93	1604057188.96
1604057188.97	1604057189.05
1604057189.06	1604057189.07
1604057189.07	1604057189.12
1604057189.13	1604057189.17
1604057189.17	1604057189.21
1604057189.21	1604057189.22
1604057189.23	1604057189.31
1604057189.31	1604057189.32
1604057189.33	1604057189.34
1604057189.34	1604057189.4
1604057189.4	1604057189.42
1604057189.43	1604057189.5
1604057189.51	1604057189.51
1604057189.52	1604057189.54
1604057189.54	1604057189.59
1604057189.6	1604057189.61
1604057189.61	1604057189.64
1604057189.65	1604057189.66
1604057189.67	1604057189.71
1604057189.71	1604057189.81
1604057189.81	1604057189.85
1604057189.85	1604057189.89
1604057189.89	1604057189.9
1604057189.91	1604057189.91
1604057189.92	1604057189.95
1604057189.96	1604057189.97
1604057189.97	1604057190.01
1604057190.02	1604057190.03
1604057190.04	1604057190.14
1604057190.15	1604057190.19
1604057190.2	1604057190.21
1604057190.22	1604057190.22
1604057190.23	1604057190.25
1604057190.25	1604057190.37
1604057190.38	1604057190.42
1604057190.42	1604057190.44
1604057190.45	1604057190.53
1604057190.54	1604057190.55
1604057190.55	1604057190.67
1604057190.68	1604057190.82
1604057190.82	1604057190.83
1604057190.84	1604057190.86
1604057190.86	1604057190.97
1604057190.97	1604057191.03
1604057191.04	1604057191.07
1604057191.08	1604057191.16
1604057191.16	1604057191.17
1604057191.17	1604057191.19
1604057191.2	1604057191.27
1604057191.27	1604057191.34
1604057191.35	1604057191.4
1604057191.41	1604057191.42
1604057191.42	1604057191.5
1604057191.5	1604057191.51
1604057191.52	1604057191.56
1604057191.56	1604057191.59
1604057191.6	1604057191.61
1604057191.62	1604057191.79
1604057191.79	1604057191.82
1604057191.83	1604057191.83
1604057191.84	1604057191.92
1604057191.93	1604057191.93
1604057191.94	1604057192.02
1604057192.03	1604057192.06
1604057192.07	1604057192.11
1604057192.12	1604057192.13
1604057192.13	1604057192.15
1604057192.16	1604057192.16
1604057192.17	1604057192.2
1604057192.21	1604057192.21
1604057192.22	1604057192.23
1604057192.24	1604057192.28
1604057192.29	1604057192.4
1604057192.41	1604057192.48
1604057192.48	1604057192.62
1604057192.63	1604057192.66
1604057192.67	1604057192.79
1604057192.8	1604057192.83
1604057192.83	1604057192.84
1604057192.84	1604057192.9
1604057192.91	1604057192.92
1604057192.92	1604057192.98
1604057192.99	1604057193.0
1604057193.0	1604057193.01
1604057193.02	1604057193.05
1604057193.05	1604057193.06
1604057193.07	1604057193.1
1604057193.1	1604057193.11
1604057193.12	1604057193.16
1604057193.16	1604057193.2
1604057193.21	1604057193.24
1604057193.24	1604057193.25
1604057193.25	1604057193.3
1604057193.3	1604057193.34
1604057193.35	1604057193.42
1604057193.42	1604057193.43
1604057193.44	1604057193.47
1604057193.48	1604057193.48
1604057193.49	1604057193.57
1604057193.58	1604057193.59
1604057193.59	1604057193.72
1604057193.73	1604057193.73
1604057193.74	1604057193.78
1604057193.78	1604057193.81
1604057193.82	1604057193.86
1604057193.86	1604057193.88
1604057193.89	1604057193.9
1604057193.9	1604057193.99
1604057194.0	1604057194.04
1604057194.05	1604057194.09
1604057194.1	1604057194.1
1604057194.11	1604057194.12
1604057194.13	1604057194.17
1604057194.19	1604057194.21
1604057194.22	1604057194.23
1604057194.24	1604057194.24
1604057194.25	1604057194.27
1604057194.27	1604057194.28
1604057194.28	1604057194.31
1604057194.31	1604057194.32
1604057194.33	1604057194.43
1604057194.43	1604057194.5
1604057194.51	1604057194.52
1604057194.53	1604057194.56
1604057194.57	1604057194.57
1604057194.58	1604057194.63
1604057194.63	1604057194.71
1604057194.72	1604057194.73
1604057194.73	1604057194.75
1604057194.76	1604057194.77
1604057194.77	1604057194.81
1604057194.81	1604057194.91
1604057194.91	1604057194.92
1604057194.93	1604057195.01
1604057195.02	1604057195.15
1604057195.16	1604057195.16
1604057195.17	1604057195.2
1604057195.2	1604057195.25
1604057195.26	1604057195.31
1604057195.32	1604057195.33
1604057195.34	1604057195.4
1604057195.4	1604057195.44
1604057195.45	1604057195.55
1604057195.56	1604057195.62
1604057195.63	1604057195.66
1604057195.67	1604057195.69
1604057195.7	1604057195.75
1604057195.75	1604057195.78
1604057195.78	1604057195.79
1604057195.8	1604057195.84
1604057195.85	1604057195.88
1604057195.89	1604057195.89
1604057195.9	1604057195.91
1604057195.92	1604057195.94
1604057195.94	1604057195.95
1604057195.96	1604057195.98
1604057195.99	1604057196.0
1604057196.01	1604057196.02
1604057196.02	1604057196.04
1604057196.04	1604057196.05
1604057196.06	1604057196.09
1604057196.1	1604057196.13
1604057196.13	1604057196.19
1604057196.2	1604057196.21
1604057196.21	1604057196.3
1604057196.3	1604057196.33
1604057196.34	1604057196.37
1604057196.38	1604057196.49
1604057196.5	1604057196.52
1604057196.53	1604057196.56
1604057196.56	1604057196.58
1604057196.58	1604057196.59
1604057196.59	1604057196.73
1604057196.73	1604057196.74
1604057196.75	1604057196.75
1604057196.76	1604057196.79
1604057196.8	1604057196.81
1604057196.81	1604057196.87
1604057196.88	1604057196.89
1604057196.89	1604057196.91
1604057196.92	1604057196.96
1604057196.97	1604057197.08
1604057197.09	1604057197.1
1604057197.1	1604057197.16
1604057197.17	1604057197.22
1604057197.23	1604057197.24
1604057197.24	1604057197.32
1604057197.32	1604057197.37
1604057197.38	1604057197.39
1604057197.4	1604057197.41
1604057197.42	1604057197.43
1604057197.44	1604057197.45
1604057197.45	1604057197.52
1604057197.52	1604057197.55
1604057197.56	1604057197.63
1604057197.64	1604057197.64
1604057197.65	1604057197.7
1604057197.71	1604057197.71
1604057197.72	1604057197.73
1604057197.74	1604057197.76
1604057197.77	1604057197.8
1604057197.8	1604057197.86
1604057197.86	1604057197.87
1604057197.88	1604057197.89
1604057197.89	1604057197.9
1604057197.91	1604057197.92
1604057197.93	1604057197.96
1604057197.97	1604057197.97
1604057197.98	1604057198.0
1604057198.0	1604057198.01
1604057198.02	1604057198.03
1604057198.03	1604057198.04
1604057198.05	1604057198.1
1604057198.1	1604057198.24
1604057198.25	1604057198.29
1604057198.3	1604057198.31
1604057198.31	1604057198.41
1604057198.41	1604057198.42
1604057198.42	1604057198.43
1604057198.44	1604057198.47
1604057198.48	1604057198.52
1604057198.53	1604057198.54
1604057198.55	1604057198.66
1604057198.67	1604057198.86
1604057198.86	1604057198.89
1604057198.89	1604057198.96
1604057198.96	1604057199.0
1604057199.0	1604057199.02
1604057199.02	1604057199.12
1604057199.13	1604057199.15
1604057199.15	1604057199.16
1604057199.17	1604057199.18
1604057199.19	1604057199.23
1604057199.23	1604057199.24
1604057199.25	1604057199.25
1604057199.26	1604057199.29
1604057199.29	1604057199.31
1604057199.31	1604057199.36
1604057199.36	1604057199.37
1604057199.38	1604057199.39
1604057199.39	1604057199.43
1604057199.43	1604057199.49
1604057199.49	1604057199.51
1604057199.52	1604057199.55
1604057199.56	1604057199.59
1604057199.6	1604057199.65
1604057199.66	1604057199.67
1604057199.67	1604057199.7
1604057199.7	1604057199.74
1604057199.74	1604057199.79
1604057199.79	1604057199.81
1604057199.82	1604057199.82
1604057199.83	1604057199.84
1604057199.85	1604057199.9
1604057199.91	1604057200.02
1604057200.02	1604057200.05
1604057200.05	1604057200.06
1604057200.07	1604057200.09
1604057200.1	1604057200.11
1604057200.11	1604057200.14
1604057200.14	1604057200.17
1604057200.18	1604057200.22
1604057200.23	1604057200.3
1604057200.3	1604057200.4
1604057200.4	1604057200.41
1604057200.42	1604057200.45
1604057200.46	1604057200.52
1604057200.53	1604057200.62
1604057200.63	1604057200.68
1604057200.69	1604057200.72
1604057200.72	1604057200.74
1604057200.74	1604057200.77
1604057200.77	1604057200.8
1604057200.8	1604057200.81
1604057200.82	1604057200.84
1604057200.85	1604057200.85
1604057200.86	1604057200.9
1604057200.91	1604057200.93
1604057200.94	1604057200.95
1604057200.96	1604057201.02
1604057201.03	1604057201.05
1604057201.05	1604057201.15
1604057201.16	1604057201.17
1604057201.18	1604057201.21
1604057201.22	1604057201.34
1604057201.35	1604057201.43
1604057201.43	1604057201.49
1604057201.49	1604057201.52
1604057201.52	1604057201.53
1604057201.54	1604057201.57
1604057201.58	1604057201.73
1604057201.74	1604057201.77
1604057201.78	1604057201.9
1604057201.91	1604057201.98
1604057201.98	1604057201.99
1604057202.0	1604057202.02
1604057202.03	1604057202.04
1604057202.04	1604057202.23
1604057202.24	1604057202.25
1604057202.26	1604057202.27
1604057202.27	1604057202.29
1604057202.3	1604057202.36
1604057202.36	1604057202.39
1604057202.4	1604057202.4
1604057202.41	1604057202.42
1604057202.42	1604057202.46
1604057202.47	1604057202.49
1604057202.49	1604057202.5
1604057202.51	1604057202.51
1604057202.52	1604057202.56
1604057202.56	1604057202.57
1604057202.58	1604057202.61
1604057202.61	1604057202.62
1604057202.62	1604057202.73
1604057202.74	1604057202.75
1604057202.76	1604057202.78
1604057202.78	1604057202.79
1604057202.8	1604057202.8
1604057202.81	1604057202.83
1604057202.83	1604057202.84
1604057202.85	1604057202.87
1604057202.87	1604057202.92
1604057202.93	1604057202.94
1604057202.94	1604057202.98
1604057202.99	1604057203.04
1604057203.04	1604057203.06
1604057203.07	1604057203.08
1604057203.09	1604057203.16
1604057203.16	1604057203.18
1604057203.18	1604057203.27
1604057203.28	1604057203.32
1604057203.33	1604057203.51
1604057203.52	1604057203.77
1604057203.78	1604057203.82
1604057203.82	1604057203.86
1604057203.86	1604057203.87
1604057203.88	1604057203.92
1604057203.93	1604057204.0
1604057204.01	1604057204.06
1604057204.06	1604057204.07
1604057204.07	1604057204.08
1604057204.09	1604057204.1
1604057204.1	1604057204.15
1604057204.16	1604057204.17
1604057204.18	1604057204.2
1604057204.21	1604057204.26
1604057204.26	1604057204.27
1604057204.28	1604057204.34
1604057204.35	1604057204.36
1604057204.37	1604057204.42
1604057204.42	1604057204.43
1604057204.44	1604057204.46
1604057204.46	1604057204.48
1604057204.49	1604057204.49
1604057204.5	1604057204.59
1604057204.6	1604057204.61
1604057204.61	1604057204.62
1604057204.63	1604057204.66
1604057204.66	1604057204.67
1604057204.68	1604057204.71
1604057204.72	1604057204.77
1604057204.78	1604057204.94
1604057204.95	1604057204.99
1604057205.0	1604057205.01
1604057205.02	1604057205.03
1604057205.04	1604057205.08
1604057205.09	1604057205.09
1604057205.1	1604057205.11
1604057205.11	1604057205.12
1604057205.13	1604057205.15
1604057205.16	1604057205.26
1604057205.26	1604057205.29
1604057205.29	1604057205.38
1604057205.39	1604057205.41
1604057205.41	1604057205.42
1604057205.43	1604057205.44
1604057205.45	1604057205.46
1604057205.46	1604057205.47
1604057205.48	1604057205.5
1604057205.51	1604057205.59
1604057205.59	1604057205.64
1604057205.65	1604057205.71
1604057205.72	1604057205.76
1604057205.77	1604057205.83
1604057205.84	1604057205.88
1604057205.88	1604057205.9
1604057205.9	1604057205.92
1604057205.93	1604057205.97
1604057205.97	1604057205.98
1604057205.99	1604057206.05
1604057206.06	1604057206.12
1604057206.13	1604057206.14
1604057206.15	1604057206.18
1604057206.19	1604057206.2
1604057206.21	1604057206.22
1604057206.22	1604057206.23
1604057206.24	1604057206.45
1604057206.46	1604057206.55
1604057206.55	1604057206.57
1604057206.58	1604057206.59
1604057206.59	1604057206.62
1604057206.63	1604057206.71
1604057206.72	1604057206.78
1604057206.78	1604057206.82
1604057206.83	1604057206.84
1604057206.85	1604057206.91
1604057206.91	1604057207.02
1604057207.02	1604057207.05
1604057207.06	1604057207.19
1604057207.2	1604057207.27
1604057207.27	1604057207.36
1604057207.37	1604057207.37
1604057207.38	1604057207.39
1604057207.39	1604057207.41
1604057207.41	1604057207.47
1604057207.48	1604057207.51
1604057207.52	1604057207.53
1604057207.54	1604057207.59
1604057207.6	1604057207.66
1604057207.67	1604057207.68
1604057207.68	1604057207.69
1604057207.7	1604057207.7
1604057207.71	1604057207.73
1604057207.74	1604057207.75
1604057207.76	1604057207.77
1604057207.77	1604057207.78
1604057207.79	1604057207.83
1604057207.84	1604057208.03
1604057208.04	1604057208.12
1604057208.13	1604057208.13
1604057208.14	1604057208.18
1604057208.18	1604057208.27
1604057208.27	1604057208.28
1604057208.29	1604057208.3
1604057208.3	1604057208.31
1604057208.31	1604057208.33
1604057208.34	1604057208.38
1604057208.39	1604057208.4
1604057208.41	1604057208.45
1604057208.45	1604057208.52
1604057208.52	1604057208.58
1604057208.59	1604057208.7
1604057208.72	1604057208.75
1604057208.76	1604057208.83
1604057208.83	1604057208.86
1604057208.86	1604057208.92
1604057208.93	1604057208.96
1604057208.97	1604057209.05
1604057209.05	1604057209.09
1604057209.09	1604057209.16
1604057209.17	1604057209.17
1604057209.18	1604057209.32
1604057209.33	1604057209.34
1604057209.34	1604057209.43
1604057209.43	1604057209.48
1604057209.49	1604057209.52
1604057209.53	1604057209.53
1604057209.54	1604057209.57
1604057209.57	1604057209.6
1604057209.61	1604057209.63
1604057209.64	1604057209.68
1604057209.68	1604057209.72
1604057209.72	1604057209.78
1604057209.78	1604057209.8
1604057209.81	1604057209.81
1604057209.82	1604057209.83
1604057209.84	1604057209.89
1604057209.89	1604057210.01
1604057210.01	1604057210.07
1604057210.07	1604057210.08
1604057210.09	1604057210.1
1604057210.11	1604057210.13
1604057210.14	1604057210.2
1604057210.21	1604057210.24
1604057210.25	1604057210.26
1604057210.26	1604057210.27
1604057210.28	1604057210.34
1604057210.34	1604057210.35
1604057210.36	1604057210.37
1604057210.38	1604057210.39
1604057210.4	1604057210.42
1604057210.43	1604057210.45
1604057210.46	1604057210.54
1604057210.54	1604057210.62
1604057210.63	1604057210.66
1604057210.67	1604057210.69
1604057210.7	1604057210.76
1604057210.77	1604057210.78
1604057210.78	1604057210.79
1604057210.8	1604057210.82
1604057210.83	1604057210.88
1604057210.89	1604057210.89
1604057210.9	1604057210.95
1604057210.96	1604057211.06
1604057211.06	1604057211.21
1604057211.21	1604057211.23
1604057211.23	1604057211.29
1604057211.3	1604057211.36
1604057211.36	1604057211.41
1604057211.42	1604057211.42
1604057211.43	1604057211.43
1604057211.44	1604057211.52
1604057211.53	1604057211.6
1604057211.61	1604057211.61
1604057211.62	1604057211.62
1604057211.63	1604057211.68
1604057211.69	1604057211.75
1604057211.76	1604057211.78
1604057211.79	1604057211.87
1604057211.87	1604057211.91
1604057211.91	1604057211.94
1604057211.94	1604057211.99
1604057211.99	1604057212.07
1604057212.07	1604057212.13
1604057212.14	1604057212.21
1604057212.21	1604057212.27
1604057212.27	1604057212.29
1604057212.29	1604057212.3
1604057212.31	1604057212.36
1604057212.36	1604057212.37
1604057212.37	1604057212.44
1604057212.45	1604057212.5
1604057212.5	1604057212.56
1604057212.57	1604057212.75
1604057212.76	1604057212.83
1604057212.84	1604057212.87
1604057212.87	1604057212.89
1604057212.89	1604057213.0
1604057213.0	1604057213.02
1604057213.03	1604057213.03
1604057213.04	1604057213.05
1604057213.06	1604057213.08
1604057213.09	1604057213.1
1604057213.11	1604057213.12
1604057213.13	1604057213.22
1604057213.22	1604057213.23
1604057213.24	1604057213.24
1604057213.25	1604057213.25
1604057213.26	1604057213.27
1604057213.28	1604057213.32
1604057213.32	1604057213.35
1604057213.35	1604057213.36
1604057213.37	1604057213.38
1604057213.38	1604057213.44
1604057213.45	1604057213.46
1604057213.46	1604057213.5
1604057213.51	1604057213.55
1604057213.56	1604057213.57
1604057213.57	1604057213.6
1604057213.6	1604057213.61
1604057213.62	1604057213.62
1604057213.63	1604057213.74
1604057213.75	1604057213.75
1604057213.76	1604057213.77
1604057213.78	1604057213.84
1604057213.84	1604057213.88
1604057213.89	1604057213.97
1604057213.97	1604057214.0
1604057214.0	1604057214.1
1604057214.1	1604057214.11
1604057214.12	1604057214.13
1604057214.14	1604057214.15
1604057214.16	1604057214.18
1604057214.19	1604057214.27
1604057214.27	1604057214.27
1604057214.28	1604057214.3
1604057214.31	1604057214.32
1604057214.33	1604057214.45
1604057214.46	1604057214.6
1604057214.61	1604057214.63
1604057214.63	1604057214.65
1604057214.65	1604057214.66
1604057214.67	1604057214.74
1604057214.75	1604057214.77
1604057214.78	1604057214.84
1604057214.85	1604057214.91
1604057214.91	1604057214.93
1604057214.93	1604057214.94
1604057214.94	1604057214.95
1604057214.96	1604057215.0
1604057215.0	1604057215.02
1604057215.02	1604057215.04
1604057215.04	1604057215.05
1604057215.06	1604057215.08
1604057215.09	1604057215.15
1604057215.15	1604057215.19
1604057215.2	1604057215.2
1604057215.21	1604057215.22
1604057215.23	1604057215.31
1604057215.32	1604057215.38
1604057215.39	1604057215.39
1604057215.4	1604057215.49
1604057215.49	1604057215.53
1604057215.53	1604057215.56
1604057215.57	1604057215.57
1604057215.58	1604057215.59
1604057215.59	1604057215.6
1604057215.61	1604057215.66
1604057215.67	1604057215.73
1604057215.73	1604057215.74
1604057215.75	1604057215.78
1604057215.78	1604057215.84
1604057215.84	1604057215.85
1604057215.86	1604057215.87
1604057215.88	1604057215.9
1604057215.91	1604057215.93
1604057215.93	1604057216.01
1604057216.02	1604057216.06
1604057216.06	1604057216.07
1604057216.08	1604057216.13
1604057216.14	1604057216.14
1604057216.15	1604057216.16
1604057216.17	1604057216.2
1604057216.21	1604057216.21
1604057216.22	1604057216.28
1604057216.28	1604057216.29
1604057216.3	1604057216.33
1604057216.33	1604057216.39
1604057216.4	1604057216.44
1604057216.45	1604057216.45
1604057216.46	1604057216.51
1604057216.51	1604057216.52
1604057216.53	1604057216.7
1604057216.71	1604057216.71
1604057216.72	1604057216.74
1604057216.74	1604057216.76
1604057216.76	1604057216.78
1604057216.78	1604057216.79
1604057216.8	1604057216.83
1604057216.84	1604057216.88
1604057216.88	1604057216.95
1604057216.96	1604057217.01
1604057217.02	1604057217.03
1604057217.04	1604057217.05
1604057217.05	1604057217.06
1604057217.07	1604057217.1
1604057217.1	1604057217.11
1604057217.12	1604057217.13
1604057217.14	1604057217.19
1604057217.19	1604057217.25
1604057217.26	1604057217.33
1604057217.33	1604057217.34
1604057217.35	1604057217.36
1604057217.36	1604057217.38
1604057217.39	1604057217.42
1604057217.43	1604057217.44
1604057217.45	1604057217.55
1604057217.56	1604057217.57
1604057217.57	1604057217.59
1604057217.59	1604057217.66
1604057217.66	1604057217.67
1604057217.68	1604057217.71
1604057217.71	1604057217.8
1604057217.81	1604057217.82
1604057217.82	1604057217.87
1604057217.87	1604057217.9
1604057217.9	1604057217.92
1604057217.93	1604057217.96
1604057217.96	1604057217.97
1604057217.98	1604057218.02
1604057218.03	1604057218.04
1604057218.04	1604057218.1
1604057218.1	1604057218.11
1604057218.12	1604057218.14
1604057218.14	1604057218.2
1604057218.21	1604057218.21
1604057218.22	1604057218.31
1604057218.32	1604057218.35
1604057218.35	1604057218.39
1604057218.39	1604057218.45
1604057218.45	1604057218.48
1604057218.49	1604057218.51
1604057218.52	1604057218.56
1604057218.57	1604057218.58
1604057218.59	1604057218.66
1604057218.67	1604057218.68
1604057218.69	1604057218.76
1604057218.77	1604057218.77
1604057218.78	1604057218.8
1604057218.81	1604057218.81
1604057218.82	1604057218.86
1604057218.86	1604057218.89
1604057218.89	1604057218.9
1604057218.9	1604057218.93
1604057218.94	1604057219.02
1604057219.03	1604057219.05
1604057219.06	1604057219.09
1604057219.09	1604057219.13
1604057219.14	1604057219.17
1604057219.17	1604057219.3
1604057219.31	1604057219.32
1604057219.32	1604057219.42
1604057219.43	1604057219.46
1604057219.47	1604057219.55
1604057219.56	1604057219.61
1604057219.61	1604057219.62
1604057219.63	1604057219.69
1604057219.7	1604057219.75
1604057219.76	1604057219.76
1604057219.77	1604057219.86
1604057219.87	1604057219.87
1604057219.88	1604057219.97
1604057219.97	1604057219.98
1604057219.98	1604057220.02
1604057220.02	1604057220.04
1604057220.05	1604057220.06
1604057220.06	1604057220.1
1604057220.1	1604057220.11
1604057220.12	1604057220.13
1604057220.14	1604057220.19
1604057220.2	1604057220.25
1604057220.26	1604057220.3
1604057220.3	1604057220.35
1604057220.36	1604057220.41
1604057220.41	1604057220.42
1604057220.43	1604057220.45
1604057220.45	1604057220.47
1604057220.47	1604057220.5
1604057220.5	1604057220.51
1604057220.52	1604057220.55
1604057220.56	1604057220.57
1604057220.58	1604057220.61
1604057220.62	1604057220.64
1604057220.65	1604057220.67
1604057220.68	1604057220.68
1604057220.68	1604057220.76
1604057220.77	1604057220.82
1604057220.83	1604057220.87
1604057220.88	1604057220.89
1604057220.89	1604057220.92
1604057220.93	1604057220.99
1604057220.99	1604057221.02
1604057221.03	1604057221.1
1604057221.1	1604057221.13
1604057221.14	1604057221.23
1604057221.24	1604057221.27
1604057221.28	1604057221.3
1604057221.31	1604057221.32
1604057221.32	1604057221.46
1604057221.47	1604057221.47
1604057221.48	1604057221.5
1604057221.5	1604057221.51
1604057221.52	1604057221.62
1604057221.63	1604057221.63
1604057221.64	1604057221.75
1604057221.76	1604057221.79
1604057221.8	1604057221.81
1604057221.82	1604057221.88
1604057221.89	1604057221.89
1604057221.9	1604057221.92
1604057221.93	1604057222.0
1604057222.0	1604057222.06
1604057222.06	1604057222.07
1604057222.08	1604057222.11
1604057222.11	1604057222.12
1604057222.12	1604057222.15
1604057222.15	1604057222.22
1604057222.23	1604057222.3
1604057222.3	1604057222.31
1604057222.32	1604057222.32
1604057222.33	1604057222.35
1604057222.36	1604057222.37
1604057222.37	1604057222.38
1604057222.38	1604057222.4
1604057222.41	1604057222.41
1604057222.42	1604057222.5
1604057222.51	1604057222.55
1604057222.56	1604057222.56
1604057222.57	1604057222.63
1604057222.64	1604057222.65
1604057222.65	1604057222.73
1604057222.74	1604057222.94
1604057222.94	1604057222.96
1604057222.97	1604057222.99
1604057223.0	1604057223.01
1604057223.02	1604057223.09
1604057223.1	1604057223.15
1604057223.16	1604057223.17
1604057223.18	1604057223.21
1604057223.22	1604057223.24
1604057223.24	1604057223.31
1604057223.31	1604057223.32
1604057223.32	1604057223.37
1604057223.37	1604057223.41
1604057223.42	1604057223.45
1604057223.46	1604057223.48
1604057223.49	1604057223.61
1604057223.62	1604057223.63
1604057223.63	1604057223.66
1604057223.66	1604057223.67
1604057223.67	1604057223.73
1604057223.74	1604057223.75
1604057223.76	1604057223.79
1604057223.79	1604057223.81
1604057223.82	1604057223.92
1604057223.93	1604057224.07
1604057224.07	1604057224.1
1604057224.1	1604057224.11
1604057224.12	1604057224.12
1604057224.13	1604057224.23
1604057224.24	1604057224.29
1604057224.3	1604057224.36
1604057224.36	1604057224.43
1604057224.43	1604057224.49
1604057224.5	1604057224.52
1604057224.54	1604057224.57
1604057224.58	1604057224.61
1604057224.62	1604057224.63
1604057224.64	1604057224.79
1604057224.8	1604057224.83
1604057224.83	1604057224.87
1604057224.88	1604057224.9
1604057224.9	1604057224.91
1604057224.92	1604057224.95
1604057224.95	1604057224.97
1604057224.98	1604057224.99
1604057224.99	1604057225.0
1604057225.01	1604057225.02
1604057225.03	1604057225.04
1604057225.05	1604057225.18
1604057225.19	1604057225.27
1604057225.27	1604057225.38
1604057225.38	1604057225.4
1604057225.4	1604057225.45
1604057225.45	1604057225.48
1604057225.48	1604057225.5
1604057225.5	1604057225.53
1604057225.53	1604057225.61
1604057225.62	1604057225.69
1604057225.7	1604057225.7
1604057225.71	1604057225.72
1604057225.73	1604057225.73
1604057225.74	1604057225.8
1604057225.81	1604057225.89
1604057225.9	1604057225.96
1604057225.96	1604057225.97
1604057225.98	1604057225.99
1604057226.0	1604057226.06
1604057226.06	1604057226.07
1604057226.08	1604057226.18
1604057226.18	1604057226.3
1604057226.3	1604057226.36
1604057226.37	1604057226.38
1604057226.38	1604057226.46
1604057226.46	1604057226.47
1604057226.48	1604057226.51
1604057226.51	1604057226.52
1604057226.53	1604057226.6
1604057226.61	1604057226.65
1604057226.66	1604057226.7
1604057226.71	1604057226.77
1604057226.77	1604057226.95
1604057226.96	1604057227.1
1604057227.11	1604057227.22
1604057227.22	1604057227.26
1604057227.26	1604057227.3
1604057227.31	1604057227.38
1604057227.39	1604057227.42
1604057227.43	1604057227.44
1604057227.44	1604057227.47
1604057227.47	1604057227.54
1604057227.55	1604057227.56
1604057227.56	1604057227.58
1604057227.58	1604057227.6
1604057227.61	1604057227.63
1604057227.64	1604057227.66
1604057227.67	1604057227.68
1604057227.68	1604057227.69
1604057227.7	1604057227.72
1604057227.73	1604057227.82
1604057227.82	1604057227.87
1604057227.88	1604057227.92
1604057227.92	1604057227.98
1604057227.99	1604057228.05
1604057228.05	1604057228.1
1604057228.11	1604057228.12
1604057228.12	1604057228.2
1604057228.21	1604057228.25
1604057228.26	1604057228.33
