-8.088077730491313844e+01 0.000000000000000000e+00
-8.034219697749016120e+01 0.000000000000000000e+00
-7.980361665006719818e+01 0.000000000000000000e+00
-7.926503632264422095e+01 0.000000000000000000e+00
-7.872645599522124371e+01 0.000000000000000000e+00
-7.818787566779826648e+01 0.000000000000000000e+00
-7.764929534037530345e+01 0.000000000000000000e+00
-7.711071501295232622e+01 0.000000000000000000e+00
-7.657213468552934899e+01 0.000000000000000000e+00
-7.603355435810637175e+01 0.000000000000000000e+00
-7.549497403068339452e+01 0.000000000000000000e+00
-7.495639370326043149e+01 0.000000000000000000e+00
-7.441781337583745426e+01 0.000000000000000000e+00
-7.387923304841447703e+01 0.000000000000000000e+00
-7.334065272099151400e+01 0.000000000000000000e+00
-7.280207239356852256e+01 0.000000000000000000e+00
-7.226349206614555953e+01 0.000000000000000000e+00
-7.172491173872258230e+01 0.000000000000000000e+00
-7.118633141129960507e+01 0.000000000000000000e+00
-7.064775108387662783e+01 0.000000000000000000e+00
-7.010917075645366481e+01 0.000000000000000000e+00
-6.957059042903068757e+01 0.000000000000000000e+00
-6.903201010160771034e+01 0.000000000000000000e+00
-6.849342977418474732e+01 0.000000000000000000e+00
-6.795484944676177008e+01 0.000000000000000000e+00
-6.741626911933880706e+01 0.000000000000000000e+00
-6.687768879191582982e+01 0.000000000000000000e+00
-6.633910846449283838e+01 0.000000000000000000e+00
-6.580052813706986115e+01 0.000000000000000000e+00
-6.526194780964689812e+01 0.000000000000000000e+00
-6.472336748222392089e+01 0.000000000000000000e+00
-6.418478715480095786e+01 0.000000000000000000e+00
-6.364620682737798063e+01 0.000000000000000000e+00
-6.310762649995500340e+01 0.000000000000000000e+00
-6.256904617253204037e+01 0.000000000000000000e+00
-6.203046584510906314e+01 0.000000000000000000e+00
-6.149188551768609301e+01 0.000000000000000000e+00
-6.095330519026311578e+01 0.000000000000000000e+00
-6.041472486284013854e+01 0.000000000000000000e+00
-5.987614453541717552e+01 0.000000000000000000e+00
-5.933756420799419828e+01 0.000000000000000000e+00
-5.879898388057121394e+01 0.000000000000000000e+00
-5.826040355314825803e+01 0.000000000000000000e+00
-5.772182322572526658e+01 0.000000000000000000e+00
-5.718324289830228224e+01 0.000000000000000000e+00
-5.664466257087931922e+01 0.000000000000000000e+00
-5.610608224345634198e+01 0.000000000000000000e+00
-5.556750191603336475e+01 0.000000000000000000e+00
-5.502892158861039462e+01 0.000000000000000000e+00
-5.449034126118742449e+01 0.000000000000000000e+00
-5.395176093376444726e+01 0.000000000000000000e+00
-5.341318060634147002e+01 0.000000000000000000e+00
-5.287460027891849990e+01 0.000000000000000000e+00
-5.233601995149552266e+01 0.000000000000000000e+00
-5.179743962407255253e+01 0.000000000000000000e+00
-5.125885929664958240e+01 0.000000000000000000e+00
-5.072027896922659806e+01 0.000000000000000000e+00
-5.018169864180362794e+01 0.000000000000000000e+00
-4.964311831438065781e+01 0.000000000000000000e+00
-4.910453798695768768e+01 0.000000000000000000e+00
-4.856595765953471044e+01 0.000000000000000000e+00
-4.802737733211173321e+01 0.000000000000000000e+00
-4.748879700468877019e+01 0.000000000000000000e+00
-4.695021667726578585e+01 0.000000000000000000e+00
-4.641163634984281572e+01 0.000000000000000000e+00
-4.587305602241983848e+01 0.000000000000000000e+00
-4.533447569499686125e+01 0.000000000000000000e+00
-4.479589536757389823e+01 0.000000000000000000e+00
-4.425731504015092099e+01 0.000000000000000000e+00
-4.371873471272794376e+01 0.000000000000000000e+00
-4.318015438530496652e+01 0.000000000000000000e+00
-4.264157405788200350e+01 0.000000000000000000e+00
-4.210299373045902627e+01 0.000000000000000000e+00
-4.156441340303604903e+01 0.000000000000000000e+00
-4.102583307561307890e+01 0.000000000000000000e+00
-4.048725274819010167e+01 0.000000000000000000e+00
-3.994867242076713154e+01 0.000000000000000000e+00
-3.941009209334415431e+01 0.000000000000000000e+00
-3.887151176592118418e+01 0.000000000000000000e+00
-3.833293143849820694e+01 0.000000000000000000e+00
-3.779435111107523682e+01 0.000000000000000000e+00
-3.725577078365225958e+01 0.000000000000000000e+00
-3.671719045622928235e+01 0.000000000000000000e+00
-3.617861012880631222e+01 0.000000000000000000e+00
-3.564002980138334209e+01 0.000000000000000000e+00
-3.510144947396036486e+01 0.000000000000000000e+00
-3.456286914653738762e+01 0.000000000000000000e+00
-3.402428881911441749e+01 0.000000000000000000e+00
-3.348570849169144026e+01 0.000000000000000000e+00
-3.294712816426847013e+01 0.000000000000000000e+00
-3.240854783684550000e+01 0.000000000000000000e+00
-3.186996750942252632e+01 0.000000000000000000e+00
-3.133138718199954553e+01 0.000000000000000000e+00
-3.079280685457657540e+01 0.000000000000000000e+00
-3.025422652715360172e+01 0.000000000000000000e+00
-2.971564619973062804e+01 0.000000000000000000e+00
-2.917706587230765436e+01 0.000000000000000000e+00
-2.863848554488468423e+01 0.000000000000000000e+00
-2.809990521746170700e+01 0.000000000000000000e+00
-2.756132489003873687e+01 0.000000000000000000e+00
-2.702274456261576319e+01 0.000000000000000000e+00
-2.648416423519278950e+01 0.000000000000000000e+00
-2.594558390776981227e+01 0.000000000000000000e+00
-2.540700358034684214e+01 0.000000000000000000e+00
-2.486842325292386846e+01 1.192383450554853027e-05
-2.432984292550089123e+01 0.000000000000000000e+00
-2.379126259807792110e+01 1.194537151301573143e-05
-2.325268227065495097e+01 0.000000000000000000e+00
-2.271410194323197018e+01 0.000000000000000000e+00
-2.217552161580899295e+01 0.000000000000000000e+00
-2.163694128838602637e+01 0.000000000000000000e+00
-2.109836096096304914e+01 0.000000000000000000e+00
-2.055978063354007190e+01 0.000000000000000000e+00
-2.002120030611710533e+01 0.000000000000000000e+00
-1.948261997869412809e+01 0.000000000000000000e+00
-1.894403965127116152e+01 0.000000000000000000e+00
-1.840545932384818428e+01 0.000000000000000000e+00
-1.786687899642520705e+01 0.000000000000000000e+00
-1.732829866900224047e+01 0.000000000000000000e+00
-1.678971834157926324e+01 0.000000000000000000e+00
-1.625113801415628245e+01 0.000000000000000000e+00
-1.571255768673331943e+01 0.000000000000000000e+00
-1.517397735931034042e+01 0.000000000000000000e+00
-1.463539703188735963e+01 6.047818834496989236e-06
-1.409681670446439483e+01 2.994366845815275123e-06
-1.355823637704141760e+01 2.112276974176861109e-05
-1.301965604961843859e+01 1.059695585202692332e-03
-1.248107572219547379e+01 3.689412338619560763e-03
-1.194249539477249478e+01 6.606888075530337190e-03
-1.140391506734951754e+01 9.613125635073492201e-03
-1.086533473992655274e+01 1.259746443114350203e-02
-1.032675441250357373e+01 1.609356897210818468e-02
-9.788174085080596498e+00 1.875675358006777607e-02
-9.249593757657629922e+00 2.173369847086533899e-02
-8.711013430234652688e+00 2.490439252127553058e-02
-8.172433102811673677e+00 2.964460683777705649e-02
-7.633852775388708878e+00 3.255356232243904191e-02
-7.095272447965731644e+00 3.479749676973742378e-02
-6.556692120542753521e+00 3.793745498519858483e-02
-6.018111793119788722e+00 4.329552797342960113e-02
-5.479531465696809711e+00 4.438359007737866652e-02
-4.940951138273831589e+00 4.908538842387422108e-02
-4.402370810850865901e+00 5.260489607340072121e-02
-3.863790483427888223e+00 5.482440048084944589e-02
-3.325210156004922979e+00 5.821779659830880749e-02
-2.786629828581944857e+00 6.097595050079174239e-02
-2.248049501158966734e+00 6.485565757696845623e-02
-1.709469173736001046e+00 6.731411797029665522e-02
-1.170888846313022924e+00 6.800171620127141991e-02
-6.323085188900448017e-01 6.839337031477216167e-02
-9.372819146707939142e-02 6.813363535751533473e-02
4.448521359558987864e-01 6.921013465215535010e-02
9.834324633788769088e-01 7.009828600876474858e-02
1.522012790801842153e+00 6.865859826193884685e-02
2.060593118224820053e+00 6.487168207497913397e-02
2.599173445647798175e+00 6.326018653873738407e-02
3.137753773070763863e+00 5.867437024888253611e-02
3.676334100493741985e+00 5.696443788630083799e-02
4.214914427916720108e+00 5.303088028135793941e-02
4.753494755339685796e+00 4.953508381977960590e-02
5.292075082762663030e+00 4.790818431422026041e-02
5.830655410185642040e+00 4.335590716323422383e-02
6.369235737608607728e+00 3.934183377540428211e-02
6.907816065031585850e+00 3.698506142917413336e-02
7.446396392454564861e+00 3.273696351060654403e-02
7.984976719877529661e+00 2.919726464399295326e-02
8.523557047300506895e+00 2.674055877369483844e-02
9.062137374723485905e+00 2.353947848196550827e-02
9.600717702146450705e+00 2.015991971736975225e-02
1.013929802956942972e+01 1.615247440626674941e-02
1.067787835699240873e+01 1.315308451194932039e-02
1.121645868441537353e+01 1.039444664078498573e-02
1.175503901183835076e+01 6.807772768873318441e-03
1.229361933926132977e+01 4.268802055058551828e-03
1.283219966668429457e+01 1.493681663604359356e-03
1.337077999410727358e+01 2.994366952502784410e-05
1.390936032153025081e+01 1.209563766899397847e-05
1.444794064895321384e+01 2.998344956311798941e-06
1.498652097637619285e+01 5.981759529159005126e-06
1.552510130379915942e+01 3.008154072619586920e-06
1.606368163122213488e+01 0.000000000000000000e+00
1.660226195864511212e+01 2.949542088856120854e-06
1.714084228606808225e+01 0.000000000000000000e+00
1.767942261349105593e+01 0.000000000000000000e+00
1.821800294091403671e+01 3.069016362669286498e-06
1.875658326833700329e+01 0.000000000000000000e+00
1.929516359575998052e+01 0.000000000000000000e+00
1.983374392318295776e+01 0.000000000000000000e+00
2.037232425060592433e+01 0.000000000000000000e+00
2.091090457802890157e+01 0.000000000000000000e+00
2.144948490545188236e+01 0.000000000000000000e+00
2.198806523287484538e+01 0.000000000000000000e+00
2.252664556029782617e+01 0.000000000000000000e+00
2.306522588772079985e+01 0.000000000000000000e+00
2.360380621514376642e+01 0.000000000000000000e+00
2.414238654256674366e+01 0.000000000000000000e+00
2.468096686998972444e+01 5.904813830389836084e-06
2.521954719741268747e+01 0.000000000000000000e+00
2.575812752483566825e+01 0.000000000000000000e+00
2.629670785225864549e+01 0.000000000000000000e+00
2.683528817968161206e+01 0.000000000000000000e+00
2.737386850710458575e+01 0.000000000000000000e+00
2.791244883452756653e+01 0.000000000000000000e+00
2.845102916195053666e+01 0.000000000000000000e+00
2.898960948937351034e+01 0.000000000000000000e+00
2.952818981679649113e+01 0.000000000000000000e+00
3.006677014421945415e+01 0.000000000000000000e+00
3.060535047164243494e+01 0.000000000000000000e+00
3.114393079906540152e+01 0.000000000000000000e+00
3.168251112648837875e+01 0.000000000000000000e+00
3.222109145391135598e+01 0.000000000000000000e+00
3.275967178133431901e+01 0.000000000000000000e+00
3.329825210875729624e+01 0.000000000000000000e+00
3.383683243618028058e+01 0.000000000000000000e+00
3.437541276360324360e+01 0.000000000000000000e+00
3.491399309102623505e+01 0.000000000000000000e+00
3.545257341844919807e+01 0.000000000000000000e+00
3.599115374587216820e+01 0.000000000000000000e+00
3.652973407329515254e+01 0.000000000000000000e+00
3.706831440071812267e+01 0.000000000000000000e+00
3.760689472814108569e+01 0.000000000000000000e+00
3.814547505556407714e+01 0.000000000000000000e+00
3.868405538298704016e+01 0.000000000000000000e+00
3.922263571041001029e+01 0.000000000000000000e+00
3.976121603783299463e+01 0.000000000000000000e+00
4.029979636525596476e+01 0.000000000000000000e+00
4.083837669267893489e+01 0.000000000000000000e+00
4.137695702010189791e+01 0.000000000000000000e+00
4.191553734752488225e+01 0.000000000000000000e+00
4.245411767494785238e+01 0.000000000000000000e+00
4.299269800237081540e+01 0.000000000000000000e+00
4.353127832979380685e+01 0.000000000000000000e+00
4.406985865721676987e+01 0.000000000000000000e+00
4.460843898463974000e+01 0.000000000000000000e+00
4.514701931206273144e+01 0.000000000000000000e+00
4.568559963948570157e+01 0.000000000000000000e+00
4.622417996690865749e+01 0.000000000000000000e+00
4.676276029433164894e+01 0.000000000000000000e+00
4.730134062175461906e+01 0.000000000000000000e+00
4.783992094917758919e+01 0.000000000000000000e+00
4.837850127660057353e+01 0.000000000000000000e+00
4.891708160402353656e+01 0.000000000000000000e+00
4.945566193144650669e+01 0.000000000000000000e+00
4.999424225886949102e+01 0.000000000000000000e+00
5.053282258629246115e+01 0.000000000000000000e+00
5.107140291371542418e+01 0.000000000000000000e+00
5.160998324113841562e+01 0.000000000000000000e+00
5.214856356856138575e+01 0.000000000000000000e+00
5.268714389598434167e+01 0.000000000000000000e+00
5.322572422340734022e+01 0.000000000000000000e+00
5.376430455083030324e+01 0.000000000000000000e+00
5.430288487825327337e+01 0.000000000000000000e+00
5.484146520567625771e+01 0.000000000000000000e+00
5.538004553309922784e+01 0.000000000000000000e+00
5.591862586052219086e+01 0.000000000000000000e+00
5.645720618794517520e+01 0.000000000000000000e+00
5.699578651536814533e+01 0.000000000000000000e+00
5.753436684279110125e+01 0.000000000000000000e+00
5.807294717021409980e+01 0.000000000000000000e+00
5.861152749763706282e+01 0.000000000000000000e+00
5.915010782506003295e+01 0.000000000000000000e+00
5.968868815248301729e+01 0.000000000000000000e+00
6.022726847990598031e+01 0.000000000000000000e+00
6.076584880732895044e+01 0.000000000000000000e+00
6.130442913475194189e+01 0.000000000000000000e+00
6.184300946217490491e+01 0.000000000000000000e+00
6.238158978959786793e+01 0.000000000000000000e+00
6.292017011702086648e+01 0.000000000000000000e+00
6.345875044444382951e+01 0.000000000000000000e+00
6.399733077186678543e+01 0.000000000000000000e+00
6.453591109928977687e+01 0.000000000000000000e+00
6.507449142671275411e+01 0.000000000000000000e+00
6.561307175413571713e+01 0.000000000000000000e+00
6.615165208155870857e+01 0.000000000000000000e+00
6.669023240898167160e+01 0.000000000000000000e+00
6.722881273640463462e+01 0.000000000000000000e+00
6.776739306382762607e+01 0.000000000000000000e+00
6.830597339125058909e+01 0.000000000000000000e+00
6.884455371867355211e+01 0.000000000000000000e+00
6.938313404609655777e+01 0.000000000000000000e+00
6.992171437351952079e+01 0.000000000000000000e+00
7.046029470094246960e+01 0.000000000000000000e+00
7.099887502836547526e+01 0.000000000000000000e+00
7.153745535578843828e+01 0.000000000000000000e+00
7.207603568321140131e+01 0.000000000000000000e+00
7.261461601063439275e+01 0.000000000000000000e+00
7.315319633805735577e+01 0.000000000000000000e+00
7.369177666548031880e+01 0.000000000000000000e+00
7.423035699290329603e+01 0.000000000000000000e+00
7.476893732032627327e+01 0.000000000000000000e+00
7.530751764774923629e+01 0.000000000000000000e+00
7.584609797517221352e+01 0.000000000000000000e+00
7.638467830259520497e+01 0.000000000000000000e+00
7.692325863001816799e+01 0.000000000000000000e+00
7.746183895744113102e+01 0.000000000000000000e+00
7.800041928486412246e+01 0.000000000000000000e+00
7.853899961228708548e+01 0.000000000000000000e+00
7.907757993971004851e+01 0.000000000000000000e+00
7.961616026713303995e+01 0.000000000000000000e+00
8.015474059455601719e+01 0.000000000000000000e+00
