-8.059541994144136368e+01 0.000000000000000000e+00
-7.995169843456130820e+01 0.000000000000000000e+00
-7.930797692768125273e+01 0.000000000000000000e+00
-7.866425542080121147e+01 0.000000000000000000e+00
-7.802053391392115600e+01 0.000000000000000000e+00
-7.737681240704111474e+01 0.000000000000000000e+00
-7.673309090016105927e+01 0.000000000000000000e+00
-7.608936939328101801e+01 0.000000000000000000e+00
-7.544564788640096253e+01 0.000000000000000000e+00
-7.480192637952092127e+01 0.000000000000000000e+00
-7.415820487264086580e+01 8.088700968023172776e-07
-7.351448336576082454e+01 1.155528759982901925e-06
-7.287076185888076907e+01 1.386634511979482353e-06
-7.222704035200072781e+01 1.271081671166906251e-06
-7.158331884512067234e+01 2.311057519965804009e-07
-7.093959733824063107e+01 1.386634511979482353e-06
-7.029587583136057560e+01 9.552371082525324050e-07
-6.965215432448053434e+01 1.039975848798897599e-06
-6.900843281760047887e+01 1.552260283317507943e-06
-6.836471131072043761e+01 5.777643799914509626e-07
-6.772098980384038214e+01 8.358324169423946329e-07
-6.707726829696034088e+01 7.164277960036850855e-07
-6.643354679008028540e+01 3.466586279948705881e-07
-6.578982528320024414e+01 1.085496662744111655e-06
-6.514610377632020288e+01 1.444410862014342284e-06
-6.450238226944014741e+01 1.350642622764324056e-06
-6.385866076256009194e+01 1.291919073305005463e-06
-6.321493925568004357e+01 1.155528759982901925e-06
-6.257121774880000942e+01 8.808538752326337648e-07
-6.192749624191995395e+01 7.761301416587539715e-07
-6.128377473503989847e+01 9.395774246919524637e-07
-6.064005322815985011e+01 8.221302554018869471e-07
-5.999633172127981595e+01 1.174471833643511828e-06
-5.935261021439975337e+01 9.552371082525324050e-07
-5.870888870751970501e+01 7.634067059425682482e-07
-5.806516720063966375e+01 1.585536961344455301e-06
-5.742144569375962249e+01 1.253748625413591843e-06
-5.677772418687956701e+01 8.395638619261933229e-07
-5.613400267999952575e+01 1.281029798495141989e-06
-5.549028117311947028e+01 6.555548920108414673e-07
-5.484655966623942192e+01 1.076982986609647866e-06
-5.420283815935937355e+01 7.492055406042271853e-07
-5.355911665247933229e+01 1.076982986609647866e-06
-5.291539514559927682e+01 1.357442191649087453e-06
-5.227167363871923556e+01 8.660116261827904305e-07
-5.162795213183918008e+01 8.756340041695832279e-07
-5.098423062495913172e+01 1.653294935507405199e-06
-5.034050911807908335e+01 1.353252558295849430e-06
-4.969678761119903498e+01 8.565984624522321745e-07
-4.905306610431899372e+01 1.732023252365580861e-06
-4.840934459743894536e+01 1.012343663033157446e-06
-4.776562309055889699e+01 1.734509474926214788e-06
-4.712190158367884152e+01 1.048430975905044131e-06
-4.647818007679880026e+01 1.894685119887903726e-06
-4.583445856991875189e+01 1.271081671166906251e-06
-4.519073706303869642e+01 1.397907874044821138e-06
-4.454701555615864805e+01 1.514400314167603398e-06
-4.390329404927860679e+01 2.079951556854938749e-06
-4.325957254239855132e+01 1.291918932562149014e-06
-4.261585103551850295e+01 1.057024523610589756e-06
-4.197212952863846169e+01 1.409366031480786200e-06
-4.132840802175841333e+01 1.526813271142280047e-06
-4.068468651487836496e+01 2.029878626329489471e-06
-4.004096500799830949e+01 1.526813271142280047e-06
-3.939724350111826112e+01 2.149283176896770582e-06
-3.875352199423821276e+01 1.840696019379457707e-06
-3.810980048735816439e+01 2.003215455130970343e-06
-3.746607898047811602e+01 2.369932086510181169e-06
-3.682235747359806766e+01 2.640194401222465219e-06
-3.617863596671801929e+01 2.722700397092810518e-06
-3.553491445983797092e+01 2.082638900957556612e-06
-3.489119295295792256e+01 2.647210995592000229e-06
-3.424747144607787419e+01 2.309677536257509797e-06
-3.360374993919782582e+01 2.605191652803012070e-06
-3.296002843231777746e+01 3.464516304386265119e-06
-3.231630692543772909e+01 3.326271633557927196e-06
-3.167258541855767717e+01 3.256489636375193418e-06
-3.102886391167763236e+01 3.336200760600530829e-06
-3.038514240479758044e+01 4.093872758110854970e-06
-2.974142089791753207e+01 3.750253577659930953e-06
-2.909769939103748726e+01 4.565067737893583222e-06
-2.845397788415743889e+01 4.257210754315957184e-06
-2.781025637727739053e+01 5.272774050935134789e-06
-2.716653487039734216e+01 6.169010487043837517e-06
-2.652281336351729379e+01 7.402812471858320200e-06
-2.587909185663724543e+01 7.146631198456327343e-06
-2.523537034975719706e+01 9.021682408372335443e-06
-2.459164884287714514e+01 9.244228953920363806e-06
-2.394792733599710033e+01 1.087908727893638938e-05
-2.330420582911704841e+01 1.296981227923026598e-05
-2.266048432223699649e+01 1.353252361255850232e-05
-2.201676281535695168e+01 1.647354826950338870e-05
-2.137304130847689976e+01 2.170458418187688472e-05
-2.072931980159685850e+01 1.741377360393538452e-05
-2.008559829471680303e+01 2.374169853920353010e-05
-1.944187678783675821e+01 2.908701765108083077e-05
-1.879815528095671695e+01 3.234677083281328134e-05
-1.815443377407666148e+01 3.686027263995932460e-05
-1.751071226719662022e+01 4.998684543873753742e-05
-1.686699076031656475e+01 6.070798320247399913e-05
-1.622326925343652348e+01 8.372882160126451597e-05
-1.557954774655646801e+01 1.134975255890427346e-04
-1.493582623967642675e+01 1.779237594140013257e-04
-1.429210473279637306e+01 3.864303245356747536e-04
-1.364838322591633180e+01 8.032734284007884409e-04
-1.300466171903627632e+01 1.876668509725214467e-03
-1.236094021215623329e+01 3.825660238124300051e-03
-1.171721870527617781e+01 7.318927445953276288e-03
-1.107349719839613655e+01 1.027984022599535453e-02
-1.042977569151608108e+01 1.328467810843871749e-02
-9.786054184636038045e+00 1.759008757132711834e-02
-9.142332677755984349e+00 2.123502767638464628e-02
-8.498611170875941312e+00 2.501546082583857092e-02
-7.854889663995885840e+00 3.029480905441830213e-02
-7.211168157115843691e+00 3.285675600082622189e-02
-6.567446650235789107e+00 3.762878558230852571e-02
-5.923725143355746958e+00 4.210566291852238519e-02
-5.280003636475692375e+00 4.666233930158703025e-02
-4.636282129595650225e+00 4.921644838865709554e-02
-3.992560622715594754e+00 5.464977054532350192e-02
-3.348839115835552160e+00 5.562315012275668991e-02
-2.705117608955497133e+00 6.015688710461716132e-02
-2.061396102075454984e+00 6.298077166672527705e-02
-1.417674595195399956e+00 6.697007373673335984e-02
-7.739530883153579177e-01 6.737039718722105663e-02
-1.302315814353030010e-01 6.777052232764607664e-02
5.134899254447392591e-01 6.775465291076959717e-02
1.157211432324794398e+00 6.821021724336899517e-02
1.800932939204836547e+00 6.528176793588448545e-02
2.444654446084878252e+00 6.264563688451682544e-02
3.088375952964933280e+00 6.034491271521107147e-02
3.732097459844975873e+00 5.742469558125881668e-02
4.375818966725031345e+00 5.342246185041910761e-02
5.019540473605072606e+00 5.073601999733527018e-02
5.663261980485128078e+00 4.604406848035007965e-02
6.306983487365170227e+00 4.110665522438401026e-02
6.950704994245225699e+00 3.731121507623318817e-02
7.594426501125267848e+00 3.267588569400558390e-02
8.238148008005323319e+00 2.968976966503796000e-02
8.881869514885364580e+00 2.642121860005410688e-02
9.525591021765420052e+00 2.165888084640263736e-02
1.016931252864546309e+01 1.734559893521196022e-02
1.081303403552551856e+01 1.359418477394198042e-02
1.145675554240555982e+01 1.033885130522896843e-02
1.210047704928561352e+01 6.909386036447317386e-03
1.274419855616565478e+01 4.048965727703776434e-03
1.338792006304571025e+01 1.873435738637993335e-03
1.403164156992575329e+01 7.007282461845355023e-04
1.467536307680580876e+01 3.663142475523865926e-04
1.531908458368585002e+01 1.542105922666739122e-04
1.596280609056590372e+01 1.298972795640093865e-04
1.660652759744595031e+01 8.510893028921519483e-05
1.725024910432600223e+01 6.870888356910696544e-05
1.789397061120604704e+01 5.261662008331952924e-05
1.853769211808610251e+01 3.692376906116935398e-05
1.918141362496614377e+01 3.194880407979832927e-05
1.982513513184619924e+01 3.343329667769578701e-05
2.046885663872624050e+01 2.846347950704526436e-05
2.111257814560629598e+01 1.781174035695034337e-05
2.175629965248633724e+01 1.626484575429525055e-05
2.240002115936639271e+01 1.432855507561656301e-05
2.304374266624643752e+01 1.365566685636669371e-05
2.368746417312647878e+01 1.134343962252025488e-05
2.433118568000653426e+01 1.328857908607480981e-05
2.497490718688657552e+01 8.358324169423946752e-06
2.561862869376663099e+01 8.905870178475171683e-06
2.626235020064667225e+01 7.124696142780137177e-06
2.690607170752672772e+01 2.968623486653627912e-06
2.754979321440676898e+01 7.892848134873530215e-06
2.819351472128682090e+01 4.853220158585333682e-06
2.883723622816686571e+01 5.731421805058054886e-06
2.948095773504691763e+01 3.582138768904140753e-06
3.012467924192695889e+01 7.880705404183394817e-06
3.076840074880701437e+01 3.466586068834421313e-06
3.141212225568705563e+01 2.865710902529027443e-06
3.205584376256711465e+01 3.582138768904140753e-06
3.269956526944715591e+01 2.079951556854938749e-06
3.334328677632721138e+01 2.149283317639627032e-06
3.398700828320725265e+01 2.773268742473251806e-06
3.463072979008730812e+01 2.773268742473251806e-06
3.527445129696736359e+01 7.164277537808281507e-06
3.591817280384739064e+01 2.079951556854938749e-06
3.656189431072744611e+01 3.184123318860823728e-06
3.720561581760750158e+01 0.000000000000000000e+00
3.784933732448755705e+01 0.000000000000000000e+00
3.849305883136758411e+01 0.000000000000000000e+00
3.913678033824763958e+01 0.000000000000000000e+00
3.978050184512769505e+01 0.000000000000000000e+00
4.042422335200775052e+01 0.000000000000000000e+00
4.106794485888778468e+01 0.000000000000000000e+00
4.171166636576784015e+01 0.000000000000000000e+00
4.235538787264788851e+01 0.000000000000000000e+00
4.299910937952792267e+01 0.000000000000000000e+00
4.364283088640797104e+01 0.000000000000000000e+00
4.428655239328802651e+01 0.000000000000000000e+00
4.493027390016808198e+01 0.000000000000000000e+00
4.557399540704810903e+01 0.000000000000000000e+00
4.621771691392816450e+01 0.000000000000000000e+00
4.686143842080821997e+01 0.000000000000000000e+00
4.750515992768827545e+01 0.000000000000000000e+00
4.814888143456830250e+01 0.000000000000000000e+00
4.879260294144835797e+01 0.000000000000000000e+00
4.943632444832841344e+01 0.000000000000000000e+00
5.008004595520846891e+01 0.000000000000000000e+00
5.072376746208851017e+01 0.000000000000000000e+00
5.136748896896855854e+01 0.000000000000000000e+00
5.201121047584861401e+01 0.000000000000000000e+00
5.265493198272866948e+01 0.000000000000000000e+00
5.329865348960869653e+01 0.000000000000000000e+00
5.394237499648875200e+01 0.000000000000000000e+00
5.458609650336880748e+01 0.000000000000000000e+00
5.522981801024886295e+01 0.000000000000000000e+00
5.587353951712889000e+01 0.000000000000000000e+00
5.651726102400894547e+01 0.000000000000000000e+00
5.716098253088900094e+01 0.000000000000000000e+00
5.780470403776906352e+01 0.000000000000000000e+00
5.844842554464909057e+01 0.000000000000000000e+00
5.909214705152914604e+01 0.000000000000000000e+00
5.973586855840920151e+01 0.000000000000000000e+00
6.037959006528925698e+01 0.000000000000000000e+00
6.102331157216928403e+01 0.000000000000000000e+00
6.166703307904933951e+01 0.000000000000000000e+00
6.231075458592939498e+01 0.000000000000000000e+00
6.295447609280945045e+01 0.000000000000000000e+00
6.359819759968947750e+01 0.000000000000000000e+00
6.424191910656954008e+01 0.000000000000000000e+00
6.488564061344959555e+01 0.000000000000000000e+00
6.552936212032962260e+01 0.000000000000000000e+00
6.617308362720967807e+01 0.000000000000000000e+00
6.681680513408973354e+01 0.000000000000000000e+00
6.746052664096977480e+01 0.000000000000000000e+00
6.810424814784981606e+01 0.000000000000000000e+00
6.874796965472987154e+01 0.000000000000000000e+00
6.939169116160992701e+01 0.000000000000000000e+00
7.003541266848998248e+01 0.000000000000000000e+00
7.067913417537000953e+01 0.000000000000000000e+00
7.132285568225006500e+01 0.000000000000000000e+00
7.196657718913012047e+01 0.000000000000000000e+00
7.261029869601017595e+01 0.000000000000000000e+00
7.325402020289020300e+01 0.000000000000000000e+00
7.389774170977025847e+01 0.000000000000000000e+00
7.454146321665031394e+01 0.000000000000000000e+00
7.518518472353036941e+01 0.000000000000000000e+00
7.582890623041039646e+01 0.000000000000000000e+00
7.647262773729045193e+01 0.000000000000000000e+00
7.711634924417050740e+01 0.000000000000000000e+00
7.776007075105056288e+01 0.000000000000000000e+00
7.840379225793058993e+01 0.000000000000000000e+00
7.904751376481064540e+01 0.000000000000000000e+00
7.969123527169070087e+01 0.000000000000000000e+00
8.033495677857075634e+01 0.000000000000000000e+00
