1604058358.31	1604058358.39
1604058358.4	1604058358.42
1604058358.42	1604058358.43
1604058358.43	1604058358.44
1604058358.44	1604058358.45
1604058358.46	1604058358.47
1604058358.48	1604058358.49
1604058358.49	1604058358.51
1604058358.52	1604058358.53
1604058358.54	1604058358.68
1604058358.68	1604058358.74
1604058358.75	1604058358.84
1604058358.85	1604058358.89
1604058358.89	1604058358.9
1604058358.91	1604058358.94
1604058358.94	1604058358.96
1604058358.97	1604058359.02
1604058359.03	1604058359.04
1604058359.04	1604058359.05
1604058359.06	1604058359.14
1604058359.15	1604058359.18
1604058359.19	1604058359.2
1604058359.21	1604058359.24
1604058359.25	1604058359.29
1604058359.3	1604058359.43
1604058359.44	1604058359.53
1604058359.53	1604058359.74
1604058359.74	1604058359.75
1604058359.76	1604058359.77
1604058359.78	1604058359.78
1604058359.79	1604058359.8
1604058359.8	1604058359.82
1604058359.82	1604058359.83
1604058359.84	1604058359.85
1604058359.85	1604058359.94
1604058359.95	1604058359.97
1604058359.98	1604058360.0
1604058360.01	1604058360.07
1604058360.08	1604058360.13
1604058360.14	1604058360.15
1604058360.16	1604058360.18
1604058360.19	1604058360.19
1604058360.2	1604058360.21
1604058360.21	1604058360.24
1604058360.24	1604058360.25
1604058360.26	1604058360.29
1604058360.29	1604058360.55
1604058360.55	1604058360.57
1604058360.57	1604058360.58
1604058360.59	1604058360.62
1604058360.62	1604058360.63
1604058360.64	1604058360.66
1604058360.67	1604058360.68
1604058360.69	1604058360.69
1604058360.7	1604058360.71
1604058360.71	1604058360.76
1604058360.77	1604058360.81
1604058360.81	1604058360.83
1604058360.84	1604058360.84
1604058360.85	1604058360.93
1604058360.94	1604058360.97
1604058360.98	1604058360.99
1604058360.99	1604058361.04
1604058361.04	1604058361.06
1604058361.07	1604058361.27
1604058361.28	1604058361.32
1604058361.32	1604058361.34
1604058361.34	1604058361.37
1604058361.38	1604058361.39
1604058361.39	1604058361.43
1604058361.44	1604058361.45
1604058361.46	1604058361.46
1604058361.47	1604058361.5
1604058361.51	1604058361.53
1604058361.54	1604058361.54
1604058361.55	1604058361.59
1604058361.6	1604058361.63
1604058361.63	1604058361.7
1604058361.7	1604058361.73
1604058361.74	1604058361.74
1604058361.75	1604058361.75
1604058361.76	1604058361.77
1604058361.77	1604058361.82
1604058361.82	1604058361.83
1604058361.83	1604058361.88
1604058361.89	1604058361.96
1604058361.97	1604058362.0
1604058362.01	1604058362.01
1604058362.02	1604058362.05
1604058362.06	1604058362.07
1604058362.07	1604058362.08
1604058362.08	1604058362.14
1604058362.14	1604058362.17
1604058362.17	1604058362.2
1604058362.21	1604058362.22
1604058362.22	1604058362.25
1604058362.25	1604058362.27
1604058362.28	1604058362.3
1604058362.3	1604058362.36
1604058362.36	1604058362.4
1604058362.41	1604058362.45
1604058362.45	1604058362.56
1604058362.57	1604058362.57
1604058362.58	1604058362.6
1604058362.6	1604058362.65
1604058362.66	1604058362.67
1604058362.68	1604058362.7
1604058362.7	1604058362.72
1604058362.73	1604058362.76
1604058362.76	1604058362.79
1604058362.8	1604058362.81
1604058362.81	1604058362.83
1604058362.84	1604058362.87
1604058362.88	1604058362.92
1604058362.92	1604058362.94
1604058362.95	1604058362.95
1604058362.96	1604058362.98
1604058362.99	1604058363.0
1604058363.01	1604058363.04
1604058363.04	1604058363.21
1604058363.22	1604058363.27
1604058363.28	1604058363.37
1604058363.38	1604058363.42
1604058363.43	1604058363.47
1604058363.47	1604058363.7
1604058363.71	1604058363.72
1604058363.73	1604058363.78
1604058363.79	1604058363.81
1604058363.82	1604058363.83
1604058363.84	1604058363.85
1604058363.85	1604058363.9
1604058363.91	1604058363.95
1604058363.95	1604058364.01
1604058364.02	1604058364.05
1604058364.05	1604058364.06
1604058364.07	1604058364.11
1604058364.12	1604058364.15
1604058364.15	1604058364.26
1604058364.27	1604058364.31
1604058364.31	1604058364.32
1604058364.33	1604058364.34
1604058364.35	1604058364.38
1604058364.39	1604058364.39
1604058364.4	1604058364.43
1604058364.44	1604058364.47
1604058364.47	1604058364.49
1604058364.5	1604058364.55
1604058364.55	1604058364.56
1604058364.57	1604058364.57
1604058364.58	1604058364.64
1604058364.65	1604058364.73
1604058364.73	1604058364.78
1604058364.78	1604058364.79
1604058364.8	1604058364.8
1604058364.81	1604058364.84
1604058364.84	1604058364.86
1604058364.87	1604058364.88
1604058364.89	1604058364.9
1604058364.91	1604058364.94
1604058364.94	1604058364.98
1604058364.99	1604058365.04
1604058365.04	1604058365.1
1604058365.11	1604058365.12
1604058365.12	1604058365.13
1604058365.14	1604058365.15
1604058365.16	1604058365.21
1604058365.22	1604058365.26
1604058365.27	1604058365.28
1604058365.29	1604058365.29
1604058365.3	1604058365.37
1604058365.37	1604058365.38
1604058365.38	1604058365.42
1604058365.42	1604058365.43
1604058365.44	1604058365.45
1604058365.46	1604058365.57
1604058365.57	1604058365.58
1604058365.59	1604058365.63
1604058365.63	1604058365.64
1604058365.65	1604058365.67
1604058365.67	1604058365.68
1604058365.68	1604058365.69
1604058365.7	1604058365.74
1604058365.74	1604058365.77
1604058365.78	1604058365.8
1604058365.81	1604058365.81
1604058365.82	1604058365.84
1604058365.84	1604058365.88
1604058365.88	1604058365.9
1604058365.92	1604058365.93
1604058365.94	1604058365.95
1604058365.96	1604058365.96
1604058365.97	1604058365.97
1604058365.98	1604058366.0
1604058366.01	1604058366.05
1604058366.05	1604058366.06
1604058366.07	1604058366.15
1604058366.16	1604058366.16
1604058366.17	1604058366.18
1604058366.18	1604058366.19
1604058366.19	1604058366.22
1604058366.23	1604058366.24
1604058366.24	1604058366.33
1604058366.34	1604058366.35
1604058366.36	1604058366.46
1604058366.46	1604058366.5
1604058366.5	1604058366.55
1604058366.56	1604058366.57
1604058366.57	1604058366.59
1604058366.59	1604058366.6
1604058366.61	1604058366.62
1604058366.63	1604058366.69
1604058366.7	1604058366.76
1604058366.77	1604058366.77
1604058366.78	1604058366.78
1604058366.79	1604058366.87
1604058366.87	1604058366.91
1604058366.91	1604058366.93
1604058366.94	1604058367.02
1604058367.02	1604058367.03
1604058367.04	1604058367.15
1604058367.16	1604058367.22
1604058367.22	1604058367.23
1604058367.24	1604058367.24
1604058367.25	1604058367.26
1604058367.27	1604058367.37
1604058367.37	1604058367.42
1604058367.42	1604058367.43
1604058367.43	1604058367.45
1604058367.46	1604058367.52
1604058367.52	1604058367.55
1604058367.56	1604058367.57
1604058367.57	1604058367.66
1604058367.66	1604058367.69
1604058367.7	1604058367.7
1604058367.71	1604058367.72
1604058367.73	1604058367.74
1604058367.75	1604058367.79
1604058367.79	1604058367.8
1604058367.8	1604058367.88
1604058367.89	1604058367.95
1604058367.96	1604058367.98
1604058367.98	1604058368.0
1604058368.01	1604058368.16
1604058368.16	1604058368.19
1604058368.19	1604058368.36
1604058368.39	1604058368.41
1604058368.41	1604058368.45
1604058368.46	1604058368.47
1604058368.48	1604058368.49
1604058368.5	1604058368.53
1604058368.54	1604058368.65
1604058368.66	1604058368.68
1604058368.69	1604058368.78
1604058368.78	1604058368.8
1604058368.8	1604058368.85
1604058368.85	1604058368.88
1604058368.89	1604058368.95
1604058368.95	1604058368.98
1604058368.99	1604058369.04
1604058369.04	1604058369.07
1604058369.07	1604058369.1
1604058369.11	1604058369.11
1604058369.12	1604058369.15
1604058369.16	1604058369.19
1604058369.19	1604058369.25
1604058369.26	1604058369.27
1604058369.27	1604058369.31
1604058369.31	1604058369.38
1604058369.38	1604058369.42
1604058369.42	1604058369.46
1604058369.46	1604058369.5
1604058369.51	1604058369.53
1604058369.54	1604058369.54
1604058369.55	1604058369.59
1604058369.59	1604058369.6
1604058369.61	1604058369.61
1604058369.62	1604058369.7
1604058369.7	1604058369.73
1604058369.74	1604058369.76
1604058369.77	1604058369.79
1604058369.8	1604058369.93
1604058369.93	1604058369.94
1604058369.95	1604058370.05
1604058370.05	1604058370.07
1604058370.08	1604058370.24
1604058370.24	1604058370.26
1604058370.27	1604058370.27
1604058370.28	1604058370.46
1604058370.47	1604058370.49
1604058370.5	1604058370.51
1604058370.52	1604058370.53
1604058370.54	1604058370.64
1604058370.65	1604058370.67
1604058370.68	1604058370.7
1604058370.7	1604058370.71
1604058370.72	1604058370.75
1604058370.76	1604058370.78
1604058370.79	1604058370.81
1604058370.81	1604058370.82
1604058370.83	1604058370.84
1604058370.85	1604058370.86
1604058370.87	1604058370.87
1604058370.88	1604058370.9
1604058370.91	1604058370.97
1604058370.98	1604058371.17
1604058371.17	1604058371.25
1604058371.25	1604058371.26
1604058371.27	1604058371.34
1604058371.34	1604058371.43
1604058371.43	1604058371.52
1604058371.53	1604058371.54
1604058371.54	1604058371.59
1604058371.6	1604058371.6
1604058371.61	1604058371.69
1604058371.7	1604058371.86
1604058371.87	1604058371.91
1604058371.92	1604058371.92
1604058371.93	1604058371.94
1604058371.95	1604058371.96
1604058371.97	1604058372.0
1604058372.0	1604058372.01
1604058372.02	1604058372.03
1604058372.03	1604058372.07
1604058372.07	1604058372.09
1604058372.1	1604058372.17
1604058372.18	1604058372.27
1604058372.28	1604058372.38
1604058372.38	1604058372.4
1604058372.41	1604058372.45
1604058372.47	1604058372.48
1604058372.48	1604058372.5
1604058372.5	1604058372.51
1604058372.52	1604058372.56
1604058372.57	1604058372.62
1604058372.63	1604058372.71
1604058372.71	1604058372.75
1604058372.76	1604058372.77
1604058372.78	1604058372.79
1604058372.79	1604058372.81
1604058372.81	1604058372.85
1604058372.85	1604058372.94
1604058372.95	1604058372.96
1604058372.96	1604058372.98
1604058372.99	1604058373.01
1604058373.02	1604058373.05
1604058373.06	1604058373.08
1604058373.09	1604058373.1
1604058373.11	1604058373.12
1604058373.13	1604058373.14
1604058373.15	1604058373.18
1604058373.18	1604058373.19
1604058373.19	1604058373.26
1604058373.26	1604058373.31
1604058373.31	1604058373.37
1604058373.37	1604058373.4
1604058373.4	1604058373.49
1604058373.5	1604058373.55
1604058373.56	1604058373.57
1604058373.57	1604058373.69
1604058373.7	1604058373.7
1604058373.71	1604058373.73
1604058373.73	1604058373.75
1604058373.75	1604058373.78
1604058373.79	1604058373.8
1604058373.8	1604058373.89
1604058373.9	1604058373.91
1604058373.91	1604058373.96
1604058373.96	1604058373.97
1604058373.98	1604058374.02
1604058374.03	1604058374.07
1604058374.07	1604058374.1
1604058374.11	1604058374.15
1604058374.16	1604058374.2
1604058374.21	1604058374.24
1604058374.24	1604058374.28
1604058374.29	1604058374.33
1604058374.34	1604058374.35
1604058374.35	1604058374.36
1604058374.37	1604058374.42
1604058374.43	1604058374.44
1604058374.45	1604058374.54
1604058374.54	1604058374.55
1604058374.56	1604058374.57
1604058374.58	1604058374.65
1604058374.65	1604058374.66
1604058374.66	1604058374.7
1604058374.71	1604058374.77
1604058374.78	1604058374.78
1604058374.79	1604058374.87
1604058374.87	1604058374.89
1604058374.9	1604058374.94
1604058374.95	1604058374.95
1604058374.96	1604058375.07
1604058375.08	1604058375.09
1604058375.09	1604058375.1
1604058375.11	1604058375.13
1604058375.14	1604058375.15
1604058375.16	1604058375.17
1604058375.17	1604058375.18
1604058375.19	1604058375.19
1604058375.2	1604058375.27
1604058375.28	1604058375.28
1604058375.29	1604058375.3
1604058375.3	1604058375.36
1604058375.37	1604058375.47
1604058375.48	1604058375.49
1604058375.49	1604058375.53
1604058375.53	1604058375.61
1604058375.61	1604058375.66
1604058375.66	1604058375.78
1604058375.78	1604058375.8
1604058375.8	1604058375.81
1604058375.81	1604058375.86
1604058375.87	1604058375.9
1604058375.9	1604058375.93
1604058375.94	1604058375.95
1604058375.96	1604058376.0
1604058376.01	1604058376.03
1604058376.03	1604058376.07
1604058376.07	1604058376.18
1604058376.19	1604058376.22
1604058376.22	1604058376.23
1604058376.24	1604058376.38
1604058376.39	1604058376.41
1604058376.42	1604058376.45
1604058376.45	1604058376.62
1604058376.62	1604058376.64
1604058376.65	1604058376.66
1604058376.66	1604058376.69
1604058376.7	1604058376.71
1604058376.71	1604058376.75
1604058376.75	1604058376.77
1604058376.78	1604058376.82
1604058376.82	1604058376.87
1604058376.88	1604058376.89
1604058376.89	1604058377.04
1604058377.05	1604058377.08
1604058377.08	1604058377.13
1604058377.13	1604058377.18
1604058377.18	1604058377.2
1604058377.21	1604058377.25
1604058377.26	1604058377.38
1604058377.39	1604058377.4
1604058377.41	1604058377.47
1604058377.48	1604058377.5
1604058377.5	1604058377.54
1604058377.55	1604058377.58
1604058377.59	1604058377.6
1604058377.61	1604058377.64
1604058377.65	1604058377.68
1604058377.68	1604058377.72
1604058377.73	1604058377.73
1604058377.74	1604058377.75
1604058377.76	1604058377.78
1604058377.79	1604058377.79
1604058377.8	1604058377.82
1604058377.83	1604058377.87
1604058377.88	1604058377.88
1604058377.89	1604058377.99
1604058378.0	1604058378.05
1604058378.05	1604058378.06
1604058378.07	1604058378.08
1604058378.08	1604058378.19
1604058378.2	1604058378.26
1604058378.27	1604058378.27
1604058378.28	1604058378.29
1604058378.3	1604058378.31
1604058378.31	1604058378.34
1604058378.34	1604058378.37
1604058378.38	1604058378.42
1604058378.42	1604058378.44
1604058378.45	1604058378.45
1604058378.46	1604058378.46
1604058378.47	1604058378.6
1604058378.61	1604058378.63
1604058378.63	1604058378.65
1604058378.65	1604058378.68
1604058378.69	1604058378.7
1604058378.71	1604058378.73
1604058378.74	1604058378.74
1604058378.75	1604058378.77
1604058378.77	1604058378.8
1604058378.8	1604058378.82
1604058378.83	1604058378.84
1604058378.85	1604058378.93
1604058378.93	1604058379.08
1604058379.09	1604058379.12
1604058379.12	1604058379.14
1604058379.15	1604058379.22
1604058379.23	1604058379.24
1604058379.24	1604058379.26
1604058379.27	1604058379.31
1604058379.31	1604058379.32
1604058379.33	1604058379.47
1604058379.47	1604058379.48
1604058379.49	1604058379.52
1604058379.53	1604058379.54
1604058379.55	1604058379.56
1604058379.57	1604058379.6
1604058379.61	1604058379.61
1604058379.62	1604058379.65
1604058379.65	1604058379.72
1604058379.72	1604058379.86
1604058379.87	1604058379.87
1604058379.88	1604058379.93
1604058379.94	1604058380.03
1604058380.04	1604058380.06
1604058380.07	1604058380.25
1604058380.25	1604058380.27
1604058380.28	1604058380.3
1604058380.31	1604058380.33
1604058380.34	1604058380.37
1604058380.37	1604058380.39
1604058380.39	1604058380.4
1604058380.41	1604058380.42
1604058380.42	1604058380.44
1604058380.45	1604058380.47
1604058380.48	1604058380.5
1604058380.51	1604058380.52
1604058380.53	1604058380.55
1604058380.56	1604058380.57
1604058380.57	1604058380.61
1604058380.61	1604058380.66
1604058380.67	1604058380.77
1604058380.78	1604058380.81
1604058380.82	1604058380.83
1604058380.83	1604058380.95
1604058380.96	1604058380.97
1604058380.98	1604058381.06
1604058381.06	1604058381.11
1604058381.12	1604058381.16
1604058381.17	1604058381.22
1604058381.23	1604058381.24
1604058381.24	1604058381.29
1604058381.3	1604058381.35
1604058381.36	1604058381.36
1604058381.37	1604058381.63
1604058381.64	1604058381.74
1604058381.74	1604058381.77
1604058381.77	1604058381.89
1604058381.9	1604058381.9
1604058381.91	1604058381.93
1604058381.94	1604058381.94
1604058381.95	1604058381.99
1604058382.0	1604058382.03
1604058382.04	1604058382.06
1604058382.07	1604058382.13
1604058382.13	1604058382.14
1604058382.15	1604058382.16
1604058382.17	1604058382.19
1604058382.2	1604058382.26
1604058382.27	1604058382.29
1604058382.3	1604058382.32
1604058382.32	1604058382.33
1604058382.33	1604058382.38
1604058382.38	1604058382.39
1604058382.4	1604058382.42
1604058382.42	1604058382.45
1604058382.46	1604058382.47
1604058382.48	1604058382.49
1604058382.49	1604058382.52
1604058382.53	1604058382.56
1604058382.56	1604058382.59
1604058382.59	1604058382.7
1604058382.71	1604058382.76
1604058382.77	1604058382.84
1604058382.84	1604058382.91
1604058382.91	1604058382.92
1604058382.93	1604058382.95
1604058382.96	1604058382.99
1604058382.99	1604058383.0
1604058383.01	1604058383.05
1604058383.05	1604058383.09
1604058383.1	1604058383.14
1604058383.14	1604058383.15
1604058383.16	1604058383.2
1604058383.2	1604058383.25
1604058383.26	1604058383.34
1604058383.34	1604058383.37
1604058383.37	1604058383.45
1604058383.46	1604058383.48
1604058383.48	1604058383.57
1604058383.58	1604058383.6
1604058383.6	1604058383.89
1604058383.9	1604058383.91
1604058383.93	1604058383.93
1604058383.94	1604058383.96
1604058383.97	1604058383.99
1604058383.99	1604058384.09
1604058384.1	1604058384.11
1604058384.11	1604058384.13
1604058384.13	1604058384.23
1604058384.23	1604058384.24
1604058384.25	1604058384.31
1604058384.32	1604058384.48
1604058384.49	1604058384.5
1604058384.51	1604058384.57
1604058384.57	1604058384.79
1604058384.79	1604058384.8
1604058384.81	1604058384.87
1604058384.87	1604058384.88
1604058384.89	1604058384.89
1604058384.9	1604058384.94
1604058384.95	1604058384.96
1604058384.96	1604058385.07
1604058385.07	1604058385.09
1604058385.09	1604058385.11
1604058385.12	1604058385.14
1604058385.15	1604058385.16
1604058385.16	1604058385.17
1604058385.18	1604058385.19
1604058385.2	1604058385.22
1604058385.23	1604058385.32
1604058385.32	1604058385.35
1604058385.35	1604058385.39
1604058385.39	1604058385.5
1604058385.51	1604058385.53
1604058385.53	1604058385.58
1604058385.59	1604058385.61
1604058385.62	1604058385.63
1604058385.64	1604058385.72
1604058385.72	1604058385.78
1604058385.79	1604058385.84
1604058385.84	1604058385.86
1604058385.87	1604058385.9
1604058385.91	1604058385.92
1604058385.92	1604058385.93
1604058385.94	1604058385.95
1604058385.95	1604058385.96
1604058385.97	1604058386.04
1604058386.04	1604058386.07
1604058386.08	1604058386.1
1604058386.11	1604058386.11
1604058386.12	1604058386.13
1604058386.14	1604058386.17
1604058386.17	1604058386.19
1604058386.2	1604058386.36
1604058386.36	1604058386.47
1604058386.48	1604058386.52
1604058386.53	1604058386.63
1604058386.64	1604058386.69
1604058386.69	1604058386.7
1604058386.71	1604058386.73
1604058386.73	1604058386.78
1604058386.78	1604058386.84
1604058386.85	1604058386.87
1604058386.88	1604058386.91
1604058386.91	1604058387.0
1604058387.0	1604058387.18
1604058387.19	1604058387.23
1604058387.23	1604058387.25
1604058387.26	1604058387.26
1604058387.27	1604058387.32
1604058387.32	1604058387.38
1604058387.38	1604058387.4
1604058387.41	1604058387.44
1604058387.45	1604058387.52
1604058387.53	1604058387.53
1604058387.54	1604058387.58
1604058387.59	1604058387.64
1604058387.64	1604058387.65
1604058387.66	1604058387.68
1604058387.69	1604058387.7
1604058387.71	1604058387.77
1604058387.78	1604058387.88
1604058387.89	1604058387.94
1604058387.94	1604058387.95
1604058387.96	1604058388.02
1604058388.03	1604058388.1
1604058388.1	1604058388.14
1604058388.14	1604058388.17
1604058388.18	1604058388.2
1604058388.21	1604058388.24
1604058388.25	1604058388.27
1604058388.27	1604058388.35
1604058388.36	1604058388.43
1604058388.44	1604058388.48
1604058388.48	1604058388.51
1604058388.51	1604058388.7
1604058388.71	1604058388.71
1604058388.72	1604058388.73
1604058388.74	1604058388.75
1604058388.75	1604058388.76
1604058388.77	1604058388.78
1604058388.78	1604058388.83
1604058388.84	1604058389.02
1604058389.02	1604058389.03
1604058389.03	1604058389.12
1604058389.12	1604058389.13
1604058389.14	1604058389.14
1604058389.15	1604058389.17
1604058389.17	1604058389.18
1604058389.19	1604058389.32
1604058389.32	1604058389.34
1604058389.35	1604058389.4
1604058389.4	1604058389.41
1604058389.42	1604058389.47
1604058389.48	1604058389.54
1604058389.55	1604058389.56
1604058389.56	1604058389.58
1604058389.58	1604058389.62
1604058389.63	1604058389.66
1604058389.66	1604058389.69
1604058389.7	1604058389.74
1604058389.74	1604058389.79
1604058389.8	1604058389.83
1604058389.83	1604058389.84
1604058389.85	1604058389.86
1604058389.87	1604058389.9
1604058389.9	1604058389.94
1604058389.95	1604058389.96
1604058389.97	1604058390.14
1604058390.15	1604058390.18
1604058390.19	1604058390.19
1604058390.2	1604058390.21
1604058390.22	1604058390.24
1604058390.24	1604058390.3
1604058390.3	1604058390.32
1604058390.33	1604058390.34
1604058390.35	1604058390.35
1604058390.36	1604058390.42
1604058390.43	1604058390.43
1604058390.44	1604058390.57
1604058390.57	1604058390.59
1604058390.6	1604058390.6
1604058390.61	1604058390.62
1604058390.63	1604058390.66
1604058390.67	1604058390.7
1604058390.7	1604058390.78
1604058390.79	1604058390.8
1604058390.81	1604058390.94
1604058390.95	1604058390.97
1604058390.98	1604058391.14
1604058391.15	1604058391.29
1604058391.3	1604058391.33
1604058391.33	1604058391.35
1604058391.36	1604058391.41
1604058391.41	1604058391.49
1604058391.5	1604058391.53
1604058391.54	1604058391.54
1604058391.55	1604058391.61
1604058391.61	1604058391.64
1604058391.64	1604058391.65
1604058391.65	1604058391.7
1604058391.7	1604058391.71
1604058391.72	1604058391.73
1604058391.74	1604058391.8
1604058391.81	1604058391.83
1604058391.84	1604058391.86
1604058391.86	1604058391.87
1604058391.88	1604058391.88
1604058391.89	1604058391.91
1604058391.92	1604058392.0
1604058392.01	1604058392.02
1604058392.03	1604058392.04
1604058392.04	1604058392.05
1604058392.06	1604058392.08
1604058392.08	1604058392.17
1604058392.18	1604058392.22
1604058392.23	1604058392.24
1604058392.24	1604058392.26
1604058392.27	1604058392.38
1604058392.38	1604058392.44
1604058392.45	1604058392.56
1604058392.56	1604058392.58
1604058392.58	1604058392.59
1604058392.6	1604058392.6
1604058392.61	1604058392.63
1604058392.64	1604058392.69
1604058392.69	1604058392.72
1604058392.73	1604058392.74
1604058392.74	1604058392.75
1604058392.76	1604058392.83
1604058392.83	1604058392.86
1604058392.87	1604058392.91
1604058392.91	1604058392.97
1604058392.98	1604058393.0
1604058393.01	1604058393.01
1604058393.02	1604058393.05
1604058393.05	1604058393.06
1604058393.06	1604058393.09
1604058393.1	1604058393.12
1604058393.12	1604058393.15
1604058393.16	1604058393.17
1604058393.17	1604058393.23
1604058393.24	1604058393.25
1604058393.25	1604058393.32
1604058393.32	1604058393.35
1604058393.36	1604058393.37
1604058393.38	1604058393.39
1604058393.4	1604058393.44
1604058393.45	1604058393.51
1604058393.52	1604058393.53
1604058393.54	1604058393.56
1604058393.56	1604058393.57
1604058393.57	1604058393.62
1604058393.62	1604058393.63
1604058393.63	1604058393.69
1604058393.69	1604058393.9
1604058393.91	1604058393.93
1604058393.94	1604058393.97
1604058393.98	1604058393.98
1604058393.99	1604058394.1
1604058394.11	1604058394.13
1604058394.14	1604058394.22
1604058394.23	1604058394.25
1604058394.25	1604058394.32
1604058394.33	1604058394.35
1604058394.35	1604058394.45
1604058394.45	1604058394.47
1604058394.48	1604058394.51
1604058394.52	1604058394.57
1604058394.58	1604058394.63
1604058394.64	1604058394.66
1604058394.67	1604058394.68
1604058394.68	1604058394.78
1604058394.8	1604058394.8
1604058394.81	1604058394.81
1604058394.82	1604058394.85
1604058394.85	1604058394.86
1604058394.87	1604058394.89
1604058394.9	1604058394.95
1604058394.95	1604058394.98
1604058394.99	1604058395.04
1604058395.04	1604058395.06
1604058395.07	1604058395.13
1604058395.14	1604058395.2
1604058395.2	1604058395.22
1604058395.23	1604058395.31
1604058395.31	1604058395.35
1604058395.35	1604058395.37
1604058395.38	1604058395.38
1604058395.39	1604058395.41
1604058395.42	1604058395.45
1604058395.46	1604058395.51
1604058395.51	1604058395.57
1604058395.57	1604058395.59
1604058395.6	1604058395.63
1604058395.64	1604058395.72
1604058395.72	1604058395.77
1604058395.78	1604058395.79
1604058395.79	1604058395.8
1604058395.81	1604058395.86
1604058395.87	1604058395.9
1604058395.91	1604058395.95
1604058395.96	1604058396.2
1604058396.2	1604058396.39
1604058396.39	1604058396.4
1604058396.41	1604058396.42
1604058396.43	1604058396.44
1604058396.44	1604058396.48
1604058396.48	1604058396.54
1604058396.54	1604058396.56
1604058396.56	1604058396.63
1604058396.64	1604058396.66
1604058396.67	1604058396.68
1604058396.68	1604058396.72
1604058396.72	1604058396.78
1604058396.79	1604058396.82
1604058396.82	1604058396.87
1604058396.87	1604058396.95
1604058396.95	1604058397.06
1604058397.07	1604058397.11
1604058397.12	1604058397.18
1604058397.18	1604058397.22
1604058397.23	1604058397.23
1604058397.24	1604058397.28
1604058397.28	1604058397.31
1604058397.31	1604058397.35
1604058397.36	1604058397.46
1604058397.47	1604058397.47
1604058397.48	1604058397.57
1604058397.58	1604058397.59
1604058397.59	1604058397.62
1604058397.62	1604058397.63
1604058397.63	1604058397.67
1604058397.68	1604058397.72
1604058397.73	1604058397.85
1604058397.85	1604058397.9
1604058397.91	1604058397.95
1604058397.96	1604058398.01
1604058398.01	1604058398.02
1604058398.03	1604058398.17
1604058398.18	1604058398.2
1604058398.21	1604058398.23
1604058398.24	1604058398.26
1604058398.26	1604058398.28
1604058398.29	1604058398.33
1604058398.34	1604058398.37
1604058398.38	1604058398.47
1604058398.47	1604058398.5
1604058398.51	1604058398.56
1604058398.57	1604058398.63
1604058398.64	1604058398.66
1604058398.66	1604058398.67
1604058398.68	1604058398.75
1604058398.75	1604058398.77
1604058398.77	1604058398.78
1604058398.79	1604058398.79
1604058398.8	1604058398.81
1604058398.82	1604058398.83
1604058398.84	1604058398.84
1604058398.85	1604058398.86
1604058398.86	1604058398.89
1604058398.89	1604058398.9
1604058398.9	1604058398.96
1604058398.97	1604058398.99
1604058399.0	1604058399.02
1604058399.02	1604058399.08
1604058400.09	1604058400.1
1604058400.11	1604058400.27
1604058400.28	1604058400.31
1604058400.32	1604058400.35
1604058400.36	1604058400.37
1604058400.37	1604058400.44
1604058400.44	1604058400.5
1604058400.51	1604058400.53
1604058400.54	1604058400.58
1604058400.59	1604058400.61
1604058400.62	1604058400.63
1604058400.63	1604058400.75
1604058400.75	1604058400.78
1604058400.78	1604058400.8
1604058400.8	1604058400.93
1604058400.93	1604058401.01
1604058401.02	1604058401.05
1604058401.06	1604058401.17
1604058401.17	1604058401.2
1604058401.2	1604058401.28
1604058401.29	1604058401.34
1604058401.34	1604058401.39
1604058401.4	1604058401.41
1604058401.42	1604058401.42
1604058401.43	1604058401.46
1604058401.47	1604058401.48
1604058401.49	1604058401.56
1604058401.57	1604058401.61
1604058401.62	1604058401.63
1604058401.63	1604058401.65
1604058401.66	1604058401.69
1604058401.69	1604058401.7
1604058401.71	1604058401.73
1604058401.74	1604058401.91
1604058401.92	1604058401.97
1604058401.97	1604058401.98
1604058401.99	1604058402.0
1604058402.01	1604058402.02
1604058402.03	1604058402.1
1604058402.11	1604058402.17
1604058402.18	1604058402.25
1604058402.26	1604058402.34
1604058402.34	1604058402.35
1604058402.36	1604058402.39
1604058402.4	1604058402.44
1604058402.44	1604058402.46
1604058402.46	1604058402.55
1604058402.55	1604058402.56
1604058402.57	1604058402.58
1604058402.58	1604058402.64
1604058402.65	1604058402.66
1604058402.66	1604058402.67
1604058402.68	1604058402.69
1604058402.69	1604058402.72
1604058402.72	1604058402.74
1604058402.75	1604058402.89
1604058402.9	1604058402.95
1604058402.95	1604058403.02
1604058403.02	1604058403.1
1604058403.11	1604058403.24
1604058403.24	1604058403.25
1604058403.26	1604058403.3
1604058403.3	1604058403.41
1604058403.42	1604058403.49
1604058403.5	1604058403.51
1604058403.51	1604058403.54
1604058403.54	1604058403.55
1604058403.56	1604058403.62
1604058403.63	1604058403.74
1604058403.75	1604058403.76
1604058403.77	1604058403.79
1604058403.79	1604058403.8
1604058403.81	1604058403.83
1604058403.84	1604058403.86
1604058403.87	1604058403.87
1604058403.88	1604058403.91
1604058403.92	1604058403.94
1604058403.95	1604058403.97
1604058403.97	1604058404.01
1604058404.02	1604058404.04
1604058404.05	1604058404.14
1604058404.14	1604058404.2
1604058404.21	1604058404.21
1604058404.22	1604058404.3
1604058404.31	1604058404.4
1604058404.41	1604058404.42
1604058404.42	1604058404.43
1604058404.44	1604058404.55
1604058404.55	1604058404.57
1604058404.57	1604058404.58
1604058404.59	1604058404.61
1604058404.62	1604058404.64
1604058404.64	1604058404.69
1604058404.69	1604058404.71
1604058404.72	1604058404.72
1604058404.73	1604058404.77
1604058404.77	1604058404.82
1604058404.83	1604058404.89
1604058404.9	1604058404.91
1604058404.92	1604058404.92
1604058404.93	1604058404.94
1604058404.95	1604058405.04
1604058405.05	1604058405.13
1604058405.13	1604058405.15
1604058405.16	1604058405.17
1604058405.18	1604058405.2
1604058405.21	1604058405.27
1604058405.28	1604058405.32
1604058405.33	1604058405.43
1604058405.43	1604058405.44
1604058405.45	1604058405.45
1604058405.46	1604058405.47
1604058405.47	1604058405.48
1604058405.49	1604058405.52
1604058405.52	1604058405.55
1604058405.56	1604058405.56
1604058405.57	1604058405.59
1604058405.59	1604058405.6
1604058405.61	1604058405.75
1604058405.76	1604058405.79
1604058405.8	1604058405.9
1604058405.91	1604058405.96
1604058405.96	1604058405.98
1604058405.98	1604058406.05
1604058406.06	1604058406.15
1604058406.15	1604058406.2
1604058406.21	1604058406.25
1604058406.26	1604058406.41
1604058406.42	1604058406.44
1604058406.45	1604058406.45
1604058406.46	1604058406.49
1604058406.49	1604058406.53
1604058406.54	1604058406.55
1604058406.55	1604058406.56
1604058406.57	1604058406.58
1604058406.58	1604058406.62
1604058406.63	1604058406.64
1604058406.64	1604058406.7
1604058406.7	1604058406.74
1604058406.75	1604058406.79
1604058406.8	1604058406.81
1604058406.82	1604058406.83
1604058406.83	1604058406.92
1604058406.93	1604058406.93
1604058406.94	1604058406.99
1604058407.0	1604058407.01
1604058407.01	1604058407.07
1604058407.08	1604058407.13
1604058407.14	1604058407.15
1604058407.16	1604058407.27
1604058407.28	1604058407.38
1604058407.39	1604058407.41
1604058407.41	1604058407.43
1604058407.44	1604058407.61
1604058407.62	1604058407.69
1604058407.7	1604058407.81
1604058407.81	1604058407.86
1604058407.87	1604058407.92
1604058407.93	1604058407.94
1604058407.95	1604058408.01
1604058408.02	1604058408.03
1604058408.04	1604058408.08
1604058408.09	1604058408.14
1604058408.15	1604058408.23
1604058408.23	1604058408.26
1604058408.27	1604058408.28
1604058408.29	1604058408.3
1604058408.31	1604058408.32
1604058408.33	1604058408.34
1604058408.35	1604058408.39
1604058408.39	1604058408.43
1604058408.44	1604058408.46
1604058408.47	1604058408.5
1604058408.51	1604058408.55
1604058408.55	1604058408.57
1604058408.57	1604058408.58
1604058408.58	1604058408.59
1604058408.6	1604058408.65
1604058408.66	1604058408.68
1604058408.68	1604058408.7
1604058408.71	1604058408.75
1604058408.76	1604058408.89
1604058408.89	1604058408.91
1604058408.92	1604058408.93
1604058408.94	1604058408.95
1604058408.96	1604058408.96
1604058408.96	1604058409.05
1604058409.05	1604058409.08
1604058409.09	1604058409.1
1604058409.11	1604058409.17
1604058409.18	1604058409.2
1604058409.21	1604058409.21
1604058409.22	1604058409.27
1604058409.28	1604058409.35
1604058409.36	1604058409.39
1604058409.4	1604058409.44
1604058409.45	1604058409.46
1604058409.47	1604058409.48
1604058409.48	1604058409.49
1604058409.49	1604058409.51
1604058409.52	1604058409.58
1604058409.59	1604058409.61
1604058409.61	1604058409.62
1604058409.63	1604058409.65
1604058409.66	1604058409.71
1604058409.72	1604058409.72
1604058409.74	1604058409.81
1604058409.81	1604058409.88
1604058409.89	1604058409.89
1604058409.9	1604058409.95
1604058409.96	1604058409.96
1604058409.97	1604058410.05
1604058410.05	1604058410.06
1604058410.06	1604058410.07
1604058410.08	1604058410.13
1604058410.14	1604058410.16
1604058410.16	1604058410.18
1604058410.19	1604058410.2
1604058410.21	1604058410.23
1604058410.23	1604058410.24
1604058410.25	1604058410.26
1604058410.27	1604058410.35
1604058410.36	1604058410.42
1604058410.43	1604058410.44
1604058410.45	1604058410.52
1604058410.53	1604058410.61
1604058410.61	1604058410.68
1604058410.69	1604058410.71
1604058410.71	1604058410.74
1604058410.75	1604058410.81
1604058410.82	1604058410.83
1604058410.84	1604058410.87
1604058410.88	1604058410.9
1604058410.91	1604058410.92
1604058410.92	1604058410.95
1604058410.96	1604058411.02
1604058411.03	1604058411.09
1604058411.09	1604058411.15
1604058411.15	1604058411.24
1604058411.25	1604058411.26
1604058411.27	1604058411.32
1604058411.32	1604058411.38
1604058411.39	1604058411.43
1604058411.44	1604058411.48
1604058411.49	1604058411.5
1604058411.51	1604058411.52
1604058411.53	1604058411.63
1604058411.64	1604058411.69
1604058411.69	1604058411.7
1604058411.71	1604058411.73
1604058411.73	1604058411.76
1604058411.77	1604058411.79
1604058411.79	1604058411.8
1604058411.81	1604058411.9
1604058411.91	1604058412.06
1604058412.07	1604058412.08
1604058412.09	1604058412.14
1604058412.15	1604058412.16
1604058412.16	1604058412.17
1604058412.18	1604058412.24
1604058412.25	1604058412.26
1604058412.28	1604058412.3
1604058412.31	1604058412.36
1604058412.37	1604058412.38
1604058412.38	1604058412.4
1604058412.41	1604058412.43
1604058412.44	1604058412.48
1604058412.48	1604058412.55
1604058412.55	1604058412.58
1604058412.58	1604058412.59
1604058412.6	1604058412.61
1604058412.62	1604058412.74
1604058412.75	1604058412.81
1604058412.82	1604058412.83
1604058412.84	1604058412.84
1604058412.85	1604058412.86
1604058412.87	1604058412.88
1604058412.88	1604058412.89
1604058412.9	1604058412.93
1604058412.93	1604058413.05
1604058413.06	1604058413.17
1604058413.17	1604058413.21
1604058413.21	1604058413.22
1604058413.22	1604058413.26
1604058413.26	1604058413.29
1604058413.29	1604058413.34
1604058413.35	1604058413.36
1604058413.37	1604058413.43
1604058413.44	1604058413.48
1604058413.48	1604058413.53
1604058413.54	1604058413.54
1604058413.55	1604058413.56
1604058413.56	1604058413.57
1604058413.58	1604058413.65
1604058413.65	1604058413.66
1604058413.67	1604058413.72
1604058413.73	1604058413.76
1604058413.77	1604058413.78
1604058413.78	1604058413.79
1604058413.79	1604058413.86
1604058413.87	1604058413.88
1604058413.88	1604058413.89
1604058413.9	1604058413.9
1604058413.91	1604058413.93
1604058413.94	1604058413.95
1604058413.96	1604058413.96
1604058413.97	1604058413.98
1604058413.98	1604058414.0
1604058414.01	1604058414.05
1604058414.06	1604058414.14
1604058414.15	1604058414.22
1604058414.23	1604058414.25
1604058414.26	1604058414.28
1604058414.29	1604058414.36
1604058414.36	1604058414.39
1604058414.4	1604058414.49
1604058414.49	1604058414.5
1604058414.51	1604058414.52
1604058414.53	1604058414.6
1604058414.6	1604058414.64
1604058414.65	1604058414.73
1604058414.74	1604058414.76
1604058414.77	1604058414.8
1604058414.81	1604058414.92
1604058414.92	1604058414.97
1604058414.98	1604058415.14
1604058415.15	1604058415.15
1604058415.16	1604058415.26
1604058415.27	1604058415.31
1604058415.32	1604058415.35
1604058415.35	1604058415.36
1604058415.37	1604058415.4
1604058415.41	1604058415.46
1604058415.47	1604058415.48
1604058415.49	1604058415.5
1604058415.5	1604058415.55
1604058415.56	1604058415.56
1604058415.57	1604058415.69
1604058415.69	1604058415.72
1604058415.72	1604058415.74
1604058415.75	1604058415.77
1604058415.77	1604058415.78
1604058415.79	1604058415.79
1604058415.8	1604058415.81
1604058415.81	1604058415.82
1604058415.83	1604058415.86
1604058415.87	1604058415.89
1604058415.9	1604058415.94
1604058415.95	1604058415.99
1604058415.99	1604058416.04
1604058416.04	1604058416.19
1604058416.19	1604058416.2
1604058416.21	1604058416.23
1604058416.24	1604058416.26
1604058416.26	1604058416.28
1604058416.28	1604058416.31
1604058416.32	1604058416.37
1604058416.38	1604058416.63
1604058416.63	1604058416.69
1604058416.69	1604058416.74
1604058416.75	1604058416.81
1604058416.82	1604058416.83
1604058416.83	1604058416.9
1604058416.91	1604058416.92
1604058416.93	1604058416.95
1604058416.96	1604058416.97
1604058416.98	1604058417.06
1604058417.07	1604058417.07
1604058417.08	1604058417.17
1604058417.19	1604058417.24
1604058417.25	1604058417.26
1604058417.26	1604058417.3
1604058417.31	1604058417.33
1604058417.34	1604058417.37
1604058417.38	1604058417.44
1604058417.45	1604058417.52
1604058417.53	1604058417.59
1604058417.59	1604058417.67
1604058417.68	1604058417.68
1604058417.69	1604058417.7
1604058417.71	1604058417.76
1604058417.78	1604058417.79
1604058417.8	1604058417.85
1604058417.86	1604058417.89
1604058417.9	1604058417.93
1604058417.93	1604058417.99
1604058417.99	1604058418.02
1604058418.03	1604058418.05
1604058418.06	1604058418.11
1604058418.12	1604058418.14
1604058418.15	1604058418.15
1604058418.16	1604058418.18
1604058418.19	1604058418.2
1604058418.2	1604058418.31
1604058418.32	1604058418.35
1604058418.35	1604058418.4
1604058418.4	1604058418.47
1604058418.48	1604058418.49
1604058418.5	1604058418.51
1604058418.51	1604058418.52
1604058418.53	1604058418.56
1604058418.56	1604058418.58
1604058418.59	1604058418.59
1604058418.6	1604058418.62
1604058418.63	1604058418.68
1604058418.69	1604058418.7
1604058418.7	1604058418.77
1604058418.78	1604058418.81
1604058418.82	1604058418.84
1604058418.85	1604058418.86
1604058418.87	1604058418.88
1604058418.89	1604058418.9
1604058418.91	1604058418.91
1604058418.92	1604058418.97
1604058418.98	1604058419.1
1604058419.11	1604058419.12
1604058419.13	1604058419.14
1604058419.14	1604058419.17
1604058419.17	1604058419.22
1604058419.23	1604058419.24
1604058419.25	1604058419.25
1604058419.26	1604058419.27
1604058419.28	1604058419.28
1604058419.29	1604058419.31
1604058419.32	1604058419.33
1604058419.33	1604058419.42
1604058419.43	1604058419.54
1604058419.54	1604058419.63
1604058419.64	1604058419.65
1604058419.66	1604058419.73
1604058419.73	1604058419.74
1604058419.75	1604058419.81
1604058419.81	1604058419.87
1604058419.87	1604058419.9
1604058419.9	1604058419.91
1604058419.92	1604058419.97
1604058419.98	1604058420.0
1604058420.0	1604058420.01
1604058420.02	1604058420.06
1604058420.07	1604058420.13
1604058420.14	1604058420.21
1604058420.22	1604058420.3
1604058420.3	1604058420.34
1604058420.35	1604058420.39
1604058420.4	1604058420.42
1604058420.43	1604058420.49
1604058420.49	1604058420.58
1604058420.59	1604058420.6
1604058420.61	1604058420.68
1604058420.69	1604058420.76
1604058420.77	1604058420.78
1604058420.78	1604058420.79
1604058420.8	1604058420.84
1604058420.86	1604058420.86
1604058420.87	1604058420.88
1604058420.89	1604058420.91
1604058420.91	1604058420.92
1604058420.93	1604058420.96
1604058420.96	1604058420.98
1604058420.99	1604058421.0
1604058421.0	1604058421.02
1604058421.03	1604058421.05
1604058421.05	1604058421.06
1604058421.06	1604058421.07
1604058421.08	1604058421.09
1604058421.1	1604058421.12
1604058421.13	1604058421.15
1604058421.16	1604058421.17
1604058421.18	1604058421.19
1604058421.19	1604058421.29
1604058421.3	1604058421.32
1604058421.33	1604058421.33
1604058421.34	1604058421.35
1604058421.35	1604058421.36
1604058421.37	1604058421.39
1604058421.39	1604058421.41
1604058421.41	1604058421.51
1604058421.51	1604058421.59
1604058421.6	1604058421.62
1604058421.63	1604058421.63
1604058421.64	1604058421.65
1604058421.66	1604058421.67
1604058421.68	1604058421.69
1604058421.7	1604058421.73
1604058421.73	1604058421.74
1604058421.75	1604058421.78
1604058421.78	1604058421.8
1604058421.81	1604058421.84
1604058421.84	1604058421.85
1604058421.86	1604058421.99
1604058422.0	1604058422.0
1604058422.01	1604058422.01
1604058422.02	1604058422.09
1604058422.09	1604058422.16
1604058422.17	1604058422.18
1604058422.2	1604058422.21
1604058422.22	1604058422.34
1604058422.34	1604058422.37
1604058422.38	1604058422.39
1604058422.4	1604058422.52
1604058422.53	1604058422.54
1604058422.54	1604058422.56
1604058422.57	1604058422.58
1604058422.59	1604058422.61
1604058422.62	1604058422.63
1604058422.64	1604058422.66
1604058422.67	1604058422.68
1604058422.69	1604058422.7
1604058422.7	1604058422.74
1604058422.75	1604058422.82
1604058422.82	1604058422.86
1604058422.87	1604058422.9
1604058422.9	1604058422.93
1604058422.94	1604058422.96
1604058422.97	1604058423.03
1604058423.03	1604058423.06
1604058423.06	1604058423.07
1604058423.08	1604058423.11
1604058423.12	1604058423.14
1604058423.14	1604058423.15
1604058423.16	1604058423.25
1604058423.25	1604058423.32
1604058423.33	1604058423.38
1604058423.38	1604058423.4
1604058423.4	1604058423.41
1604058423.42	1604058423.43
1604058423.43	1604058423.45
1604058423.46	1604058423.69
1604058423.69	1604058423.83
1604058423.83	1604058423.87
1604058423.87	1604058423.88
1604058423.89	1604058423.89
1604058423.9	1604058423.92
1604058423.93	1604058424.01
1604058424.01	1604058424.03
1604058424.03	1604058424.06
1604058424.06	1604058424.15
1604058424.15	1604058424.16
1604058424.16	1604058424.2
1604058424.2	1604058424.22
1604058424.22	1604058424.28
1604058424.29	1604058424.31
1604058424.32	1604058424.33
1604058424.34	1604058424.34
1604058424.35	1604058424.39
1604058424.39	1604058424.41
1604058424.42	1604058424.52
1604058424.52	1604058424.58
1604058424.58	1604058424.59
1604058424.6	1604058424.63
1604058424.63	1604058424.66
1604058424.67	1604058424.69
1604058424.7	1604058424.75
1604058424.75	1604058424.78
1604058424.78	1604058424.79
1604058424.8	1604058424.81
1604058424.81	1604058424.83
1604058424.84	1604058424.85
1604058424.86	1604058424.88
1604058424.88	1604058424.93
1604058424.94	1604058425.02
1604058425.03	1604058425.07
1604058425.08	1604058425.09
1604058425.09	1604058425.11
1604058425.11	1604058425.12
1604058425.13	1604058425.13
1604058425.14	1604058425.17
1604058425.17	1604058425.21
1604058425.22	1604058425.23
1604058425.24	1604058425.32
1604058425.33	1604058425.45
1604058425.46	1604058425.51
1604058425.52	1604058425.53
1604058425.54	1604058425.54
1604058425.55	1604058425.55
1604058425.56	1604058425.57
1604058425.57	1604058425.61
1604058425.61	1604058425.64
1604058425.64	1604058425.66
1604058425.67	1604058425.68
1604058425.69	1604058425.69
1604058425.7	1604058425.72
1604058425.73	1604058425.78
1604058425.78	1604058425.8
1604058425.81	1604058425.83
1604058425.84	1604058425.89
1604058425.9	1604058425.91
1604058425.91	1604058425.93
1604058425.94	1604058425.95
1604058425.96	1604058426.01
1604058426.02	1604058426.03
1604058426.04	1604058426.07
1604058426.08	1604058426.15
1604058426.15	1604058426.18
1604058426.19	1604058426.19
1604058426.2	1604058426.23
1604058426.23	1604058426.25
1604058426.26	1604058426.3
1604058426.31	1604058426.33
1604058426.33	1604058426.48
1604058426.48	1604058426.5
1604058426.51	1604058426.53
1604058426.54	1604058426.58
1604058426.58	1604058426.61
1604058426.62	1604058426.63
1604058426.63	1604058426.69
1604058426.7	1604058426.72
1604058426.73	1604058426.79
1604058426.8	1604058426.88
1604058426.89	1604058426.93
1604058426.93	1604058426.94
1604058426.95	1604058427.02
1604058427.03	1604058427.04
1604058427.05	1604058427.07
1604058427.08	1604058427.18
1604058427.18	1604058427.2
1604058427.2	1604058427.25
1604058427.26	1604058427.35
1604058427.36	1604058427.37
1604058427.38	1604058427.5
1604058427.51	1604058427.51
1604058427.52	1604058427.54
1604058427.55	1604058427.58
1604058427.59	1604058427.6
1604058427.61	1604058427.64
1604058427.65	1604058427.66
1604058427.67	1604058427.68
1604058427.69	1604058427.7
1604058427.71	1604058427.72
1604058427.72	1604058427.83
1604058427.84	1604058427.92
1604058427.93	1604058427.94
1604058427.95	1604058427.98
1604058427.98	1604058428.04
1604058428.04	1604058428.07
1604058428.08	1604058428.09
1604058428.1	1604058428.14
1604058428.15	1604058428.22
1604058428.22	1604058428.23
1604058428.24	1604058428.25
1604058428.26	1604058428.3
1604058428.31	1604058428.37
1604058428.37	1604058428.44
1604058428.45	1604058428.57
1604058428.58	1604058428.62
1604058428.62	1604058428.64
1604058428.65	1604058428.69
1604058428.7	1604058428.73
1604058428.74	1604058428.75
1604058428.76	1604058428.79
1604058428.8	1604058428.86
1604058428.87	1604058428.95
1604058428.96	1604058428.99
1604058429.0	1604058429.14
1604058429.15	1604058429.23
