1604059338.28	1604059338.36
1604059338.37	1604059338.39
1604059338.4	1604059339.18
1604059339.19	1604059339.22
1604059339.22	1604059339.38
1604059339.39	1604059339.92
1604059339.94	1604059340.08
1604059340.09	1604059340.13
1604059340.15	1604059340.18
1604059340.19	1604059340.2
1604059340.2	1604059340.23
1604059340.23	1604059340.26
1604059340.27	1604059340.47
1604059340.48	1604059340.5
1604059340.51	1604059340.95
1604059340.96	1604059341.02
1604059341.02	1604059341.42
1604059341.43	1604059341.82
1604059341.83	1604059341.89
1604059341.9	1604059342.55
1604059342.56	1604059343.02
1604059343.03	1604059343.08
1604059343.09	1604059343.21
1604059343.22	1604059343.24
1604059343.24	1604059343.32
1604059343.33	1604059343.51
1604059343.52	1604059343.56
1604059343.57	1604059344.21
1604059344.22	1604059344.3
1604059344.31	1604059344.5
1604059344.5	1604059344.6
1604059344.61	1604059344.62
1604059344.62	1604059344.72
1604059344.72	1604059344.79
1604059344.79	1604059345.06
1604059345.07	1604059345.76
1604059345.76	1604059345.92
1604059345.93	1604059346.17
1604059346.18	1604059346.34
1604059346.34	1604059346.72
1604059346.72	1604059347.26
1604059347.26	1604059347.45
1604059347.45	1604059347.65
1604059347.66	1604059347.67
1604059347.67	1604059347.84
1604059347.85	1604059347.89
1604059347.9	1604059348.05
1604059348.06	1604059348.6
1604059348.63	1604059349.08
1604059349.08	1604059349.42
1604059349.42	1604059349.59
1604059349.6	1604059349.78
1604059349.79	1604059349.8
1604059349.81	1604059350.0
1604059350.0	1604059350.4
1604059350.41	1604059351.47
1604059351.47	1604059352.5
1604059352.5	1604059353.28
1604059353.28	1604059353.42
1604059353.43	1604059353.87
1604059353.88	1604059353.97
1604059353.98	1604059354.67
1604059354.67	1604059354.68
1604059354.68	1604059354.78
1604059354.79	1604059354.95
1604059354.95	1604059355.2
1604059355.2	1604059355.28
1604059355.29	1604059355.68
1604059355.69	1604059355.87
1604059355.88	1604059356.18
1604059356.18	1604059356.37
1604059356.37	1604059356.8
1604059356.81	1604059357.31
1604059357.32	1604059357.65
1604059357.66	1604059357.86
1604059357.87	1604059358.18
1604059358.18	1604059358.23
1604059358.23	1604059358.36
1604059358.36	1604059358.47
1604059358.47	1604059359.55
1604059359.56	1604059359.61
1604059359.61	1604059359.93
1604059359.94	1604059360.32
1604059360.32	1604059360.64
1604059360.64	1604059360.77
1604059360.77	1604059361.02
1604059361.03	1604059361.35
1604059361.35	1604059361.38
1604059361.39	1604059362.11
1604059362.12	1604059362.35
1604059362.35	1604059362.52
1604059362.53	1604059363.14
1604059363.15	1604059363.21
1604059363.22	1604059363.71
1604059363.72	1604059364.57
1604059364.58	1604059364.63
1604059364.63	1604059365.22
1604059365.22	1604059365.25
1604059365.25	1604059365.47
1604059365.47	1604059365.74
1604059365.74	1604059365.84
1604059365.84	1604059365.9
1604059365.91	1604059365.92
1604059365.93	1604059366.38
1604059366.38	1604059366.96
1604059366.97	1604059367.17
1604059367.18	1604059367.3
1604059367.3	1604059367.35
1604059367.36	1604059367.62
1604059367.62	1604059367.81
1604059367.82	1604059368.35
1604059368.36	1604059368.52
1604059368.52	1604059368.95
1604059368.96	1604059369.11
1604059369.12	1604059369.22
1604059369.23	1604059369.37
1604059369.38	1604059369.52
1604059369.52	1604059370.12
1604059370.13	1604059370.97
1604059370.97	1604059371.06
1604059371.07	1604059371.12
1604059371.12	1604059371.55
1604059371.55	1604059371.59
1604059371.6	1604059371.68
1604059371.69	1604059371.73
1604059371.74	1604059371.93
1604059371.94	1604059372.81
1604059372.82	1604059373.09
1604059373.09	1604059373.79
1604059373.8	1604059373.87
1604059373.87	1604059374.04
1604059374.05	1604059374.41
1604059374.42	1604059374.51
1604059374.52	1604059374.79
1604059374.79	1604059375.27
1604059375.28	1604059375.51
1604059375.52	1604059375.6
1604059375.6	1604059376.15
1604059376.16	1604059376.17
1604059376.18	1604059376.69
1604059376.7	1604059376.89
1604059376.89	1604059377.49
1604059377.5	1604059378.31
1604059378.32	1604059378.54
1604059378.54	1604059378.57
1604059378.58	1604059378.61
1604059378.61	1604059378.63
1604059378.63	1604059378.8
1604059378.8	1604059379.23
1604059379.24	1604059379.9
1604059379.91	1604059380.06
1604059380.07	1604059380.41
1604059380.42	1604059381.2
1604059381.21	1604059381.32
1604059381.32	1604059381.6
1604059381.6	1604059382.27
1604059382.27	1604059382.42
1604059382.43	1604059382.6
1604059382.6	1604059382.79
1604059382.8	1604059383.22
1604059383.23	1604059383.6
1604059383.61	1604059383.71
1604059383.72	1604059384.0
1604059384.01	1604059384.43
1604059384.43	1604059384.68
1604059384.68	1604059384.9
1604059384.9	1604059386.04
1604059386.05	1604059386.37
1604059386.37	1604059386.41
1604059386.42	1604059386.42
1604059386.42	1604059386.57
1604059386.58	1604059386.67
1604059386.68	1604059386.75
1604059386.76	1604059386.91
1604059386.92	1604059387.53
1604059387.54	1604059388.27
1604059388.28	1604059388.95
1604059388.96	1604059389.0
1604059389.0	1604059389.24
1604059389.24	1604059389.29
1604059389.3	1604059389.66
1604059389.66	1604059389.81
1604059389.82	1604059389.84
1604059389.84	1604059389.92
1604059389.93	1604059390.04
1604059390.04	1604059390.25
1604059390.26	1604059390.36
1604059390.37	1604059390.67
1604059390.67	1604059390.79
1604059390.8	1604059390.99
1604059391.0	1604059391.03
1604059391.03	1604059391.06
1604059391.07	1604059391.28
1604059391.29	1604059391.78
1604059391.79	1604059392.26
1604059392.26	1604059392.29
1604059392.3	1604059392.47
1604059392.47	1604059392.73
1604059392.73	1604059393.5
1604059393.51	1604059393.65
1604059393.65	1604059393.73
1604059393.74	1604059393.77
1604059393.78	1604059394.55
1604059394.55	1604059395.04
1604059395.05	1604059396.45
1604059396.45	1604059396.95
1604059396.95	1604059396.97
1604059396.97	1604059397.36
1604059397.36	1604059397.95
1604059397.96	1604059398.23
1604059398.23	1604059398.42
1604059398.42	1604059399.1
1604059399.11	1604059399.26
1604059399.27	1604059399.31
1604059399.32	1604059399.61
1604059399.61	1604059399.67
