-1.361205958957254047e+01 1.740000000000000000e+02
-1.347524438728117424e+01 4.370000000000000000e+02
-1.333842918498980801e+01 7.550000000000000000e+02
-1.320161398269844177e+01 1.031000000000000000e+03
-1.306479878040707554e+01 1.319000000000000000e+03
-1.292798357811570931e+01 1.729000000000000000e+03
-1.279116837582434307e+01 1.916000000000000000e+03
-1.265435317353297684e+01 2.204000000000000000e+03
-1.251753797124161061e+01 2.507000000000000000e+03
-1.238072276895024437e+01 3.001000000000000000e+03
-1.224390756665887814e+01 3.285000000000000000e+03
-1.210709236436751191e+01 3.532000000000000000e+03
-1.197027716207614567e+01 3.767000000000000000e+03
-1.183346195978477944e+01 4.202000000000000000e+03
-1.169664675749341320e+01 4.465000000000000000e+03
-1.155983155520204697e+01 4.879000000000000000e+03
-1.142301635291068074e+01 5.201000000000000000e+03
-1.128620115061931450e+01 5.575000000000000000e+03
-1.114938594832794827e+01 5.831000000000000000e+03
-1.101257074603658204e+01 6.187000000000000000e+03
-1.087575554374521580e+01 6.750000000000000000e+03
-1.073894034145384957e+01 6.983000000000000000e+03
-1.060212513916248334e+01 7.316000000000000000e+03
-1.046530993687111888e+01 7.688000000000000000e+03
-1.032849473457975265e+01 8.194000000000000000e+03
-1.019167953228838641e+01 8.430000000000000000e+03
-1.005486432999702018e+01 8.822000000000000000e+03
-9.918049127705653945e+00 9.077000000000000000e+03
-9.781233925414287711e+00 9.624000000000000000e+03
-9.644418723122921477e+00 9.988000000000000000e+03
-9.507603520831555244e+00 1.019500000000000000e+04
-9.370788318540189010e+00 1.057500000000000000e+04
-9.233973116248822777e+00 1.092600000000000000e+04
-9.097157913957456543e+00 1.153500000000000000e+04
-8.960342711666090310e+00 1.165800000000000000e+04
-8.823527509374724076e+00 1.207500000000000000e+04
-8.686712307083357842e+00 1.239600000000000000e+04
-8.549897104791991609e+00 1.282000000000000000e+04
-8.413081902500625375e+00 1.306400000000000000e+04
-8.276266700209259142e+00 1.347900000000000000e+04
-8.139451497917892908e+00 1.413400000000000000e+04
-8.002636295626526675e+00 1.429500000000000000e+04
-7.865821093335159553e+00 1.452900000000000000e+04
-7.729005891043793319e+00 1.498300000000000000e+04
-7.592190688752427086e+00 1.563100000000000000e+04
-7.455375486461060852e+00 1.578300000000000000e+04
-7.318560284169694619e+00 1.607700000000000000e+04
-7.181745081878329273e+00 1.651500000000000000e+04
-7.044929879586963040e+00 1.669300000000000000e+04
-6.908114677295596806e+00 1.701400000000000000e+04
-6.771299475004230572e+00 1.774600000000000000e+04
-6.634484272712864339e+00 1.800600000000000000e+04
-6.497669070421498105e+00 1.828000000000000000e+04
-6.360853868130131872e+00 1.879600000000000000e+04
-6.224038665838765638e+00 1.941100000000000000e+04
-6.087223463547399405e+00 1.944900000000000000e+04
-5.950408261256033171e+00 1.974700000000000000e+04
-5.813593058964666938e+00 2.013600000000000000e+04
-5.676777856673300704e+00 2.048100000000000000e+04
-5.539962654381934470e+00 2.122400000000000000e+04
-5.403147452090568237e+00 2.130700000000000000e+04
-5.266332249799202003e+00 2.181800000000000000e+04
-5.129517047507835770e+00 2.203300000000000000e+04
-4.992701845216469536e+00 2.255400000000000000e+04
-4.855886642925103303e+00 2.244800000000000000e+04
-4.719071440633737069e+00 2.317800000000000000e+04
-4.582256238342370835e+00 2.363400000000000000e+04
-4.445441036051004602e+00 2.387500000000000000e+04
-4.308625833759638368e+00 2.427100000000000000e+04
-4.171810631468272135e+00 2.451800000000000000e+04
-4.034995429176905901e+00 2.485100000000000000e+04
-3.898180226885539668e+00 2.524400000000000000e+04
-3.761365024594173434e+00 2.545700000000000000e+04
-3.624549822302807200e+00 2.631700000000000000e+04
-3.487734620011440967e+00 2.654800000000000000e+04
-3.350919417720074733e+00 2.642100000000000000e+04
-3.214104215428708500e+00 2.701500000000000000e+04
-3.077289013137342266e+00 2.757600000000000000e+04
-2.940473810845976033e+00 2.789500000000000000e+04
-2.803658608554609799e+00 2.811100000000000000e+04
-2.666843406263243565e+00 2.845900000000000000e+04
-2.530028203971877332e+00 2.861100000000000000e+04
-2.393213001680511098e+00 2.886200000000000000e+04
-2.256397799389144865e+00 2.932400000000000000e+04
-2.119582597097778631e+00 2.977800000000000000e+04
-1.982767394806412398e+00 3.002100000000000000e+04
-1.845952192515046164e+00 3.031800000000000000e+04
-1.709136990223679931e+00 3.057600000000000000e+04
-1.572321787932313697e+00 3.074000000000000000e+04
-1.435506585640947463e+00 3.121600000000000000e+04
-1.298691383349581230e+00 3.151100000000000000e+04
-1.161876181058214996e+00 3.136900000000000000e+04
-1.025060978766848763e+00 3.126300000000000000e+04
-8.882457764754825291e-01 3.140300000000000000e+04
-7.514305741841162956e-01 3.133400000000000000e+04
-6.146153718927509502e-01 3.127700000000000000e+04
-4.778001696013856048e-01 3.109800000000000000e+04
-3.409849673100193712e-01 3.092600000000000000e+04
-2.041697650186531376e-01 3.123900000000000000e+04
-6.735456272728690408e-02 3.120300000000000000e+04
6.946063956407932949e-02 3.122600000000000000e+04
2.062758418554455631e-01 3.119600000000000000e+04
3.430910441468117966e-01 3.100100000000000000e+04
4.799062464381780302e-01 3.123100000000000000e+04
6.167214487295442638e-01 3.138200000000000000e+04
7.535366510209104973e-01 3.102100000000000000e+04
8.903518533122767309e-01 3.098000000000000000e+04
1.027167055603642964e+00 3.096300000000000000e+04
1.163982257895009198e+00 3.095300000000000000e+04
1.300797460186375432e+00 3.126700000000000000e+04
1.437612662477741665e+00 3.123600000000000000e+04
1.574427864769107899e+00 3.087300000000000000e+04
1.711243067060474132e+00 3.031500000000000000e+04
1.848058269351840366e+00 3.047400000000000000e+04
1.984873471643206599e+00 2.971700000000000000e+04
2.121688673934572833e+00 2.960300000000000000e+04
2.258503876225939067e+00 2.916200000000000000e+04
2.395319078517305300e+00 2.882400000000000000e+04
2.532134280808671534e+00 2.856000000000000000e+04
2.668949483100037767e+00 2.824100000000000000e+04
2.805764685391404001e+00 2.822300000000000000e+04
2.942579887682770234e+00 2.775900000000000000e+04
3.079395089974136468e+00 2.720800000000000000e+04
3.216210292265502702e+00 2.684900000000000000e+04
3.353025494556868935e+00 2.654700000000000000e+04
3.489840696848235169e+00 2.652200000000000000e+04
3.626655899139601402e+00 2.618300000000000000e+04
3.763471101430967636e+00 2.544800000000000000e+04
3.900286303722333869e+00 2.552300000000000000e+04
4.037101506013700103e+00 2.513500000000000000e+04
4.173916708305066336e+00 2.458700000000000000e+04
4.310731910596432570e+00 2.401300000000000000e+04
4.447547112887798804e+00 2.388700000000000000e+04
4.584362315179165037e+00 2.364300000000000000e+04
4.721177517470531271e+00 2.302700000000000000e+04
4.857992719761897504e+00 2.296000000000000000e+04
4.994807922053263738e+00 2.270000000000000000e+04
5.131623124344629971e+00 2.226300000000000000e+04
5.268438326635996205e+00 2.188600000000000000e+04
5.405253528927362439e+00 2.148400000000000000e+04
5.542068731218728672e+00 2.084800000000000000e+04
5.678883933510094906e+00 2.025300000000000000e+04
5.815699135801461139e+00 2.007500000000000000e+04
5.952514338092827373e+00 1.982300000000000000e+04
6.089329540384193606e+00 1.947500000000000000e+04
6.226144742675559840e+00 1.930900000000000000e+04
6.362959944966926074e+00 1.903800000000000000e+04
6.499775147258292307e+00 1.852100000000000000e+04
6.636590349549658541e+00 1.809400000000000000e+04
6.773405551841024774e+00 1.767800000000000000e+04
6.910220754132391008e+00 1.713300000000000000e+04
7.047035956423757241e+00 1.702600000000000000e+04
7.183851158715123475e+00 1.678600000000000000e+04
7.320666361006489709e+00 1.601200000000000000e+04
7.457481563297855942e+00 1.584200000000000000e+04
7.594296765589222176e+00 1.534000000000000000e+04
7.731111967880588409e+00 1.526900000000000000e+04
7.867927170171954643e+00 1.465700000000000000e+04
8.004742372463320876e+00 1.440200000000000000e+04
8.141557574754687110e+00 1.367500000000000000e+04
8.278372777046053343e+00 1.340800000000000000e+04
8.415187979337419577e+00 1.302300000000000000e+04
8.552003181628785811e+00 1.274200000000000000e+04
8.688818383920152044e+00 1.235300000000000000e+04
8.825633586211518278e+00 1.215600000000000000e+04
8.962448788502884511e+00 1.173300000000000000e+04
9.099263990794250745e+00 1.134700000000000000e+04
9.236079193085616978e+00 1.085100000000000000e+04
9.372894395376983212e+00 1.060500000000000000e+04
9.509709597668349446e+00 1.029000000000000000e+04
9.646524799959715679e+00 9.697000000000000000e+03
9.783340002251081913e+00 9.457000000000000000e+03
9.920155204542448146e+00 9.136000000000000000e+03
1.005697040683381438e+01 8.727000000000000000e+03
1.019378560912518061e+01 8.567000000000000000e+03
1.033060081141654685e+01 8.146000000000000000e+03
1.046741601370791308e+01 7.646000000000000000e+03
1.060423121599927931e+01 7.469000000000000000e+03
1.074104641829064555e+01 7.190000000000000000e+03
1.087786162058201178e+01 6.542000000000000000e+03
1.101467682287337801e+01 6.372000000000000000e+03
1.115149202516474425e+01 5.826000000000000000e+03
1.128830722745611048e+01 5.658000000000000000e+03
1.142512242974747672e+01 5.194000000000000000e+03
1.156193763203884295e+01 4.976000000000000000e+03
1.169875283433020918e+01 4.495000000000000000e+03
1.183556803662157542e+01 4.245000000000000000e+03
1.197238323891294165e+01 3.915000000000000000e+03
1.210919844120430788e+01 3.601000000000000000e+03
1.224601364349567412e+01 3.271000000000000000e+03
1.238282884578704035e+01 2.975000000000000000e+03
1.251964404807840481e+01 2.630000000000000000e+03
1.265645925036976926e+01 2.264000000000000000e+03
1.279327445266113550e+01 1.974000000000000000e+03
1.293008965495250173e+01 1.651000000000000000e+03
1.306690485724386797e+01 1.323000000000000000e+03
1.320372005953523420e+01 1.018000000000000000e+03
1.334053526182660043e+01 7.300000000000000000e+02
1.347735046411796667e+01 4.330000000000000000e+02
1.361416566640933112e+01 1.600000000000000000e+02
