-8.837297402053687279e+01 2.000000000000000000e+00
-8.748174918499759656e+01 2.000000000000000000e+00
-8.659052434945829191e+01 1.000000000000000000e+00
-8.569929951391901568e+01 2.000000000000000000e+00
-8.480807467837971103e+01 3.000000000000000000e+00
-8.391684984284043480e+01 5.000000000000000000e+00
-8.302562500730113015e+01 7.000000000000000000e+00
-8.213440017176185393e+01 8.000000000000000000e+00
-8.124317533622254928e+01 1.000000000000000000e+01
-8.035195050068327305e+01 1.400000000000000000e+01
-7.946072566514396840e+01 8.000000000000000000e+00
-7.856950082960469217e+01 1.500000000000000000e+01
-7.767827599406538752e+01 1.800000000000000000e+01
-7.678705115852611129e+01 2.400000000000000000e+01
-7.589582632298680664e+01 1.100000000000000000e+01
-7.500460148744753042e+01 8.000000000000000000e+00
-7.411337665190822577e+01 1.500000000000000000e+01
-7.322215181636894954e+01 2.000000000000000000e+01
-7.233092698082964489e+01 2.200000000000000000e+01
-7.143970214529036866e+01 1.200000000000000000e+01
-7.054847730975106401e+01 1.500000000000000000e+01
-6.965725247421178778e+01 1.500000000000000000e+01
-6.876602763867248314e+01 1.700000000000000000e+01
-6.787480280313320691e+01 1.600000000000000000e+01
-6.698357796759390226e+01 1.200000000000000000e+01
-6.609235313205462603e+01 1.700000000000000000e+01
-6.520112829651532138e+01 2.200000000000000000e+01
-6.430990346097604515e+01 2.000000000000000000e+01
-6.341867862543674761e+01 2.300000000000000000e+01
-6.252745378989745717e+01 1.500000000000000000e+01
-6.163622895435816673e+01 2.200000000000000000e+01
-6.074500411881887629e+01 2.100000000000000000e+01
-5.985377928327958585e+01 1.100000000000000000e+01
-5.896255444774029542e+01 2.100000000000000000e+01
-5.807132961220100498e+01 1.300000000000000000e+01
-5.718010477666171454e+01 1.700000000000000000e+01
-5.628887994112242410e+01 2.200000000000000000e+01
-5.539765510558313366e+01 2.000000000000000000e+01
-5.450643027004384322e+01 2.400000000000000000e+01
-5.361520543450455278e+01 2.300000000000000000e+01
-5.272398059896526235e+01 2.100000000000000000e+01
-5.183275576342597191e+01 2.700000000000000000e+01
-5.094153092788668147e+01 1.400000000000000000e+01
-5.005030609234739103e+01 1.600000000000000000e+01
-4.915908125680810059e+01 2.700000000000000000e+01
-4.826785642126881015e+01 3.000000000000000000e+01
-4.737663158572951971e+01 3.200000000000000000e+01
-4.648540675019022927e+01 2.100000000000000000e+01
-4.559418191465093884e+01 3.900000000000000000e+01
-4.470295707911164840e+01 2.800000000000000000e+01
-4.381173224357235796e+01 3.600000000000000000e+01
-4.292050740803306752e+01 4.200000000000000000e+01
-4.202928257249377708e+01 5.500000000000000000e+01
-4.113805773695448664e+01 4.200000000000000000e+01
-4.024683290141519620e+01 5.200000000000000000e+01
-3.935560806587590577e+01 4.800000000000000000e+01
-3.846438323033661533e+01 4.100000000000000000e+01
-3.757315839479732489e+01 5.800000000000000000e+01
-3.668193355925803445e+01 5.800000000000000000e+01
-3.579070872371874401e+01 4.000000000000000000e+01
-3.489948388817945357e+01 5.100000000000000000e+01
-3.400825905264016313e+01 8.100000000000000000e+01
-3.311703421710087270e+01 9.800000000000000000e+01
-3.222580938156158226e+01 8.500000000000000000e+01
-3.133458454602229182e+01 8.700000000000000000e+01
-3.044335971048300138e+01 1.200000000000000000e+02
-2.955213487494371094e+01 9.600000000000000000e+01
-2.866091003940442050e+01 1.110000000000000000e+02
-2.776968520386513006e+01 1.400000000000000000e+02
-2.687846036832583962e+01 1.330000000000000000e+02
-2.598723553278654919e+01 1.380000000000000000e+02
-2.509601069724725875e+01 1.870000000000000000e+02
-2.420478586170796831e+01 1.800000000000000000e+02
-2.331356102616867787e+01 1.980000000000000000e+02
-2.242233619062938743e+01 2.450000000000000000e+02
-2.153111135509009699e+01 2.730000000000000000e+02
-2.063988651955080655e+01 3.120000000000000000e+02
-1.974866168401151612e+01 3.890000000000000000e+02
-1.885743684847222568e+01 4.510000000000000000e+02
-1.796621201293293524e+01 5.440000000000000000e+02
-1.707498717739364480e+01 6.950000000000000000e+02
-1.618376234185435436e+01 7.780000000000000000e+02
-1.529253750631506392e+01 9.940000000000000000e+02
-1.440131267077577348e+01 1.378000000000000000e+03
-1.351008783523648304e+01 2.078000000000000000e+03
-1.261886299969719261e+01 1.012800000000000000e+04
-1.172763816415790217e+01 1.495160000000000000e+05
-1.083641332861861173e+01 3.542440000000000000e+05
-9.945188493079321290e+00 5.670820000000000000e+05
-9.053963657540030852e+00 7.852120000000000000e+05
-8.162738822000740413e+00 1.008700000000000000e+06
-7.271513986461449974e+00 1.233615000000000000e+06
-6.380289150922159536e+00 1.454973000000000000e+06
-5.489064315382869097e+00 1.679789000000000000e+06
-4.597839479843578658e+00 1.901826000000000000e+06
-3.706614644304288220e+00 2.117532000000000000e+06
-2.815389808764997781e+00 2.333194000000000000e+06
-1.924164973225707342e+00 2.541878000000000000e+06
-1.032940137686416904e+00 2.648689000000000000e+06
-1.417153021471264651e-01 2.647226000000000000e+06
7.495095333921639735e-01 2.650366000000000000e+06
1.640734368931454412e+00 2.595192000000000000e+06
2.531959204470744851e+00 2.398677000000000000e+06
3.423184040010035289e+00 2.187788000000000000e+06
4.314408875549325728e+00 1.970736000000000000e+06
5.205633711088616167e+00 1.750136000000000000e+06
6.096858546627906605e+00 1.528416000000000000e+06
6.988083382167197044e+00 1.301271000000000000e+06
7.879308217706487483e+00 1.078518000000000000e+06
8.770533053245777921e+00 8.563450000000000000e+05
9.661757888785068360e+00 6.371790000000000000e+05
1.055298272432435880e+01 4.219770000000000000e+05
1.144420755986364924e+01 2.128820000000000000e+05
1.233543239540293968e+01 3.446300000000000000e+04
1.322665723094223011e+01 2.443000000000000000e+03
1.411788206648152055e+01 1.532000000000000000e+03
1.500910690202081099e+01 1.175000000000000000e+03
1.590033173756010143e+01 8.450000000000000000e+02
1.679155657309939187e+01 7.180000000000000000e+02
1.768278140863868231e+01 5.790000000000000000e+02
1.857400624417797275e+01 4.700000000000000000e+02
1.946523107971726319e+01 4.110000000000000000e+02
2.035645591525655362e+01 3.490000000000000000e+02
2.124768075079584406e+01 3.010000000000000000e+02
2.213890558633513450e+01 2.620000000000000000e+02
2.303013042187442494e+01 2.360000000000000000e+02
2.392135525741371538e+01 1.800000000000000000e+02
2.481258009295300582e+01 1.930000000000000000e+02
2.570380492849229626e+01 1.590000000000000000e+02
2.659502976403158669e+01 1.760000000000000000e+02
2.748625459957087713e+01 1.410000000000000000e+02
2.837747943511016757e+01 1.300000000000000000e+02
2.926870427064945801e+01 1.130000000000000000e+02
3.015992910618874845e+01 1.230000000000000000e+02
3.105115394172803889e+01 9.000000000000000000e+01
3.194237877726732933e+01 7.100000000000000000e+01
3.283360361280661976e+01 7.700000000000000000e+01
3.372482844834591020e+01 7.700000000000000000e+01
3.461605328388520064e+01 7.000000000000000000e+01
3.550727811942449108e+01 4.500000000000000000e+01
3.639850295496378152e+01 5.800000000000000000e+01
3.728972779050307196e+01 5.500000000000000000e+01
3.818095262604236240e+01 5.000000000000000000e+01
3.907217746158165284e+01 6.100000000000000000e+01
3.996340229712093617e+01 4.200000000000000000e+01
4.085462713266022661e+01 3.000000000000000000e+01
4.174585196819953126e+01 4.300000000000000000e+01
4.263707680373882170e+01 3.900000000000000000e+01
4.352830163927809792e+01 3.500000000000000000e+01
4.441952647481738836e+01 3.800000000000000000e+01
4.531075131035669301e+01 2.800000000000000000e+01
4.620197614589598345e+01 2.400000000000000000e+01
4.709320098143525968e+01 2.700000000000000000e+01
4.798442581697455012e+01 2.400000000000000000e+01
4.887565065251385477e+01 3.100000000000000000e+01
4.976687548805314520e+01 3.000000000000000000e+01
5.065810032359242143e+01 3.200000000000000000e+01
5.154932515913171187e+01 2.300000000000000000e+01
5.244054999467101652e+01 2.100000000000000000e+01
5.333177483021030696e+01 2.000000000000000000e+01
5.422299966574958319e+01 1.700000000000000000e+01
5.511422450128887363e+01 2.500000000000000000e+01
5.600544933682817828e+01 2.800000000000000000e+01
5.689667417236746871e+01 2.300000000000000000e+01
5.778789900790674494e+01 2.100000000000000000e+01
5.867912384344603538e+01 2.100000000000000000e+01
5.957034867898534003e+01 2.200000000000000000e+01
6.046157351452463047e+01 2.700000000000000000e+01
6.135279835006390670e+01 1.700000000000000000e+01
6.224402318560319713e+01 1.700000000000000000e+01
6.313524802114250178e+01 1.100000000000000000e+01
6.402647285668179222e+01 1.000000000000000000e+01
6.491769769222106845e+01 1.300000000000000000e+01
6.580892252776035889e+01 1.500000000000000000e+01
6.670014736329966354e+01 1.700000000000000000e+01
6.759137219883895398e+01 1.600000000000000000e+01
6.848259703437823021e+01 1.900000000000000000e+01
6.937382186991752064e+01 1.500000000000000000e+01
7.026504670545682529e+01 2.000000000000000000e+01
7.115627154099611573e+01 1.700000000000000000e+01
7.204749637653539196e+01 1.300000000000000000e+01
7.293872121207468240e+01 1.300000000000000000e+01
7.382994604761398705e+01 1.100000000000000000e+01
7.472117088315327749e+01 1.500000000000000000e+01
7.561239571869255371e+01 1.700000000000000000e+01
7.650362055423184415e+01 8.000000000000000000e+00
7.739484538977114880e+01 1.700000000000000000e+01
7.828607022531043924e+01 1.600000000000000000e+01
7.917729506084971547e+01 1.100000000000000000e+01
8.006851989638900591e+01 1.500000000000000000e+01
8.095974473192831056e+01 3.000000000000000000e+00
8.185096956746760100e+01 3.000000000000000000e+00
8.274219440300687722e+01 8.000000000000000000e+00
8.363341923854616766e+01 8.000000000000000000e+00
8.452464407408547231e+01 7.000000000000000000e+00
8.541586890962476275e+01 4.000000000000000000e+00
8.630709374516403898e+01 4.000000000000000000e+00
8.719831858070332942e+01 5.000000000000000000e+00
8.808954341624263407e+01 2.000000000000000000e+00
8.898076825178193872e+01 1.000000000000000000e+00
