-8.659477430164869816e+01 2.000000000000000000e+00
-8.484965843620545911e+01 1.000000000000000000e+00
-8.310454257076222007e+01 0.000000000000000000e+00
-8.135942670531896681e+01 5.000000000000000000e+00
-7.961431083987572777e+01 1.000000000000000000e+00
-7.786919497443248872e+01 5.000000000000000000e+00
-7.612407910898924968e+01 7.000000000000000000e+00
-7.437896324354599642e+01 4.000000000000000000e+00
-7.263384737810275738e+01 4.000000000000000000e+00
-7.088873151265951833e+01 7.000000000000000000e+00
-6.914361564721627929e+01 9.000000000000000000e+00
-6.739849978177304024e+01 6.000000000000000000e+00
-6.565338391632978698e+01 2.000000000000000000e+00
-6.390826805088654794e+01 3.000000000000000000e+00
-6.216315218544330889e+01 4.000000000000000000e+00
-6.041803632000006985e+01 6.000000000000000000e+00
-5.867292045455683080e+01 2.000000000000000000e+00
-5.692780458911357755e+01 8.000000000000000000e+00
-5.518268872367033850e+01 8.000000000000000000e+00
-5.343757285822709946e+01 6.000000000000000000e+00
-5.169245699278386041e+01 9.000000000000000000e+00
-4.994734112734061426e+01 1.100000000000000000e+01
-4.820222526189737522e+01 9.000000000000000000e+00
-4.645710939645412907e+01 1.200000000000000000e+01
-4.471199353101089002e+01 1.100000000000000000e+01
-4.296687766556765098e+01 5.000000000000000000e+00
-4.122176180012440483e+01 1.100000000000000000e+01
-3.947664593468116578e+01 1.500000000000000000e+01
-3.773153006923791963e+01 1.700000000000000000e+01
-3.598641420379468059e+01 2.800000000000000000e+01
-3.424129833835144154e+01 1.500000000000000000e+01
-3.249618247290819539e+01 3.200000000000000000e+01
-3.075106660746495635e+01 2.800000000000000000e+01
-2.900595074202171375e+01 2.800000000000000000e+01
-2.726083487657847115e+01 3.100000000000000000e+01
-2.551571901113522856e+01 4.200000000000000000e+01
-2.377060314569198241e+01 6.100000000000000000e+01
-2.202548728024873981e+01 8.900000000000000000e+01
-2.028037141480550076e+01 9.700000000000000000e+01
-1.853525554936226172e+01 1.270000000000000000e+02
-1.679013968391902267e+01 1.730000000000000000e+02
-1.504502381847577652e+01 2.520000000000000000e+02
-1.329990795303253037e+01 5.240000000000000000e+02
-1.155479208758929133e+01 1.956100000000000000e+04
-9.809676222146052282e+00 1.083600000000000000e+05
-8.064560356702813237e+00 2.108030000000000000e+05
-6.319444491259567087e+00 3.133400000000000000e+05
-4.574328625816320937e+00 4.193000000000000000e+05
-2.829212760373081892e+00 5.213420000000000000e+05
-1.084096894929842847e+00 5.921530000000000000e+05
6.610189705133961979e-01 5.944080000000000000e+05
2.406134835956642348e+00 5.464980000000000000e+05
4.151250701399888499e+00 4.442020000000000000e+05
5.896366566843127544e+00 3.397890000000000000e+05
7.641482432286366588e+00 2.354490000000000000e+05
9.386598297729605633e+00 1.330090000000000000e+05
1.113171416317285178e+01 3.651800000000000000e+04
1.287683002861609793e+01 6.170000000000000000e+02
1.462194589405933698e+01 3.120000000000000000e+02
1.636706175950257602e+01 2.010000000000000000e+02
1.811217762494581507e+01 1.280000000000000000e+02
1.985729349038906122e+01 1.210000000000000000e+02
2.160240935583230737e+01 9.600000000000000000e+01
2.334752522127554641e+01 7.900000000000000000e+01
2.509264108671878546e+01 5.900000000000000000e+01
2.683775695216202450e+01 5.200000000000000000e+01
2.858287281760527065e+01 3.800000000000000000e+01
3.032798868304851680e+01 2.700000000000000000e+01
3.207310454849175585e+01 1.700000000000000000e+01
3.381822041393499489e+01 2.500000000000000000e+01
3.556333627937823394e+01 2.000000000000000000e+01
3.730845214482148009e+01 2.200000000000000000e+01
3.905356801026472624e+01 1.300000000000000000e+01
4.079868387570797239e+01 1.500000000000000000e+01
4.254379974115121854e+01 1.500000000000000000e+01
4.428891560659445759e+01 1.400000000000000000e+01
4.603403147203769663e+01 1.300000000000000000e+01
4.777914733748093568e+01 9.000000000000000000e+00
4.952426320292417472e+01 6.000000000000000000e+00
5.126937906836741377e+01 6.000000000000000000e+00
5.301449493381065281e+01 6.000000000000000000e+00
5.475961079925389186e+01 1.200000000000000000e+01
5.650472666469713090e+01 5.000000000000000000e+00
5.824984253014038416e+01 7.000000000000000000e+00
5.999495839558363741e+01 5.000000000000000000e+00
6.174007426102687646e+01 4.000000000000000000e+00
6.348519012647011550e+01 2.000000000000000000e+00
6.523030599191335455e+01 6.000000000000000000e+00
6.697542185735659359e+01 3.000000000000000000e+00
6.872053772279983264e+01 5.000000000000000000e+00
7.046565358824307168e+01 3.000000000000000000e+00
7.221076945368631073e+01 6.000000000000000000e+00
7.395588531912954977e+01 2.000000000000000000e+00
7.570100118457280303e+01 4.000000000000000000e+00
7.744611705001605628e+01 5.000000000000000000e+00
7.919123291545929533e+01 7.000000000000000000e+00
8.093634878090253437e+01 1.000000000000000000e+00
8.268146464634577342e+01 2.000000000000000000e+00
8.442658051178901246e+01 0.000000000000000000e+00
8.617169637723225151e+01 4.000000000000000000e+00
