-8.879100445236139194e+01 4.000000000000000000e+00
-8.789674677240867595e+01 1.000000000000000000e+00
-8.700248909245595996e+01 2.000000000000000000e+00
-8.610823141250324397e+01 2.000000000000000000e+00
-8.521397373255052798e+01 4.000000000000000000e+00
-8.431971605259781199e+01 1.000000000000000000e+00
-8.342545837264509601e+01 8.000000000000000000e+00
-8.253120069269238002e+01 1.100000000000000000e+01
-8.163694301273966403e+01 1.100000000000000000e+01
-8.074268533278694804e+01 8.000000000000000000e+00
-7.984842765283423205e+01 1.000000000000000000e+01
-7.895416997288151606e+01 9.000000000000000000e+00
-7.805991229292880007e+01 2.000000000000000000e+01
-7.716565461297608408e+01 1.400000000000000000e+01
-7.627139693302336809e+01 1.300000000000000000e+01
-7.537713925307065210e+01 1.200000000000000000e+01
-7.448288157311793611e+01 1.300000000000000000e+01
-7.358862389316522012e+01 1.600000000000000000e+01
-7.269436621321250414e+01 1.600000000000000000e+01
-7.180010853325978815e+01 1.500000000000000000e+01
-7.090585085330707216e+01 1.500000000000000000e+01
-7.001159317335435617e+01 1.500000000000000000e+01
-6.911733549340164018e+01 2.600000000000000000e+01
-6.822307781344892419e+01 1.500000000000000000e+01
-6.732882013349620820e+01 9.000000000000000000e+00
-6.643456245354349221e+01 1.600000000000000000e+01
-6.554030477359077622e+01 1.900000000000000000e+01
-6.464604709363806023e+01 1.500000000000000000e+01
-6.375178941368534424e+01 1.600000000000000000e+01
-6.285753173373262825e+01 1.400000000000000000e+01
-6.196327405377991226e+01 1.600000000000000000e+01
-6.106901637382719628e+01 2.100000000000000000e+01
-6.017475869387448029e+01 2.000000000000000000e+01
-5.928050101392176430e+01 1.400000000000000000e+01
-5.838624333396904831e+01 1.800000000000000000e+01
-5.749198565401633232e+01 2.700000000000000000e+01
-5.659772797406361633e+01 2.200000000000000000e+01
-5.570347029411090034e+01 2.500000000000000000e+01
-5.480921261415818435e+01 1.600000000000000000e+01
-5.391495493420546836e+01 2.500000000000000000e+01
-5.302069725425275237e+01 2.300000000000000000e+01
-5.212643957430003638e+01 2.600000000000000000e+01
-5.123218189434732039e+01 2.600000000000000000e+01
-5.033792421439460441e+01 2.200000000000000000e+01
-4.944366653444188842e+01 4.300000000000000000e+01
-4.854940885448917243e+01 2.800000000000000000e+01
-4.765515117453645644e+01 2.700000000000000000e+01
-4.676089349458374045e+01 4.000000000000000000e+01
-4.586663581463102446e+01 3.200000000000000000e+01
-4.497237813467830847e+01 2.500000000000000000e+01
-4.407812045472559248e+01 4.000000000000000000e+01
-4.318386277477287649e+01 3.800000000000000000e+01
-4.228960509482016050e+01 4.800000000000000000e+01
-4.139534741486744451e+01 4.800000000000000000e+01
-4.050108973491472852e+01 3.300000000000000000e+01
-3.960683205496201253e+01 5.100000000000000000e+01
-3.871257437500929655e+01 6.000000000000000000e+01
-3.781831669505658056e+01 6.400000000000000000e+01
-3.692405901510386457e+01 6.900000000000000000e+01
-3.602980133515114858e+01 6.900000000000000000e+01
-3.513554365519843259e+01 8.400000000000000000e+01
-3.424128597524571660e+01 7.400000000000000000e+01
-3.334702829529300061e+01 9.100000000000000000e+01
-3.245277061534028462e+01 9.200000000000000000e+01
-3.155851293538756863e+01 9.000000000000000000e+01
-3.066425525543485264e+01 1.030000000000000000e+02
-2.976999757548213665e+01 1.210000000000000000e+02
-2.887573989552942066e+01 1.260000000000000000e+02
-2.798148221557670468e+01 1.660000000000000000e+02
-2.708722453562398869e+01 1.740000000000000000e+02
-2.619296685567127270e+01 1.890000000000000000e+02
-2.529870917571855671e+01 1.860000000000000000e+02
-2.440445149576584072e+01 2.320000000000000000e+02
-2.351019381581312473e+01 2.520000000000000000e+02
-2.261593613586040874e+01 2.710000000000000000e+02
-2.172167845590769275e+01 3.160000000000000000e+02
-2.082742077595497676e+01 3.980000000000000000e+02
-1.993316309600226077e+01 4.500000000000000000e+02
-1.903890541604954478e+01 5.110000000000000000e+02
-1.814464773609682879e+01 6.550000000000000000e+02
-1.725039005614411280e+01 7.320000000000000000e+02
-1.635613237619139682e+01 9.500000000000000000e+02
-1.546187469623868083e+01 1.259000000000000000e+03
-1.456761701628596484e+01 1.682000000000000000e+03
-1.367335933633324885e+01 2.669000000000000000e+03
-1.277910165638053286e+01 4.646900000000000000e+04
-1.188484397642781687e+01 2.293430000000000000e+05
-1.099058629647510088e+01 4.305410000000000000e+05
-1.009632861652238489e+01 6.411530000000000000e+05
-9.202070936569668902e+00 8.559550000000000000e+05
-8.307813256616952913e+00 1.073369000000000000e+06
-7.413555576664236924e+00 1.290778000000000000e+06
-6.519297896711520934e+00 1.506320000000000000e+06
-5.625040216758804945e+00 1.723175000000000000e+06
-4.730782536806088956e+00 1.939366000000000000e+06
-3.836524856853372967e+00 2.149623000000000000e+06
-2.942267176900656978e+00 2.357346000000000000e+06
-2.048009496947940988e+00 2.559837000000000000e+06
-1.153751816995224999e+00 2.688437000000000000e+06
-2.594941370425090099e-01 2.689320000000000000e+06
6.347635429102069793e-01 2.688609000000000000e+06
1.529021222862922968e+00 2.654117000000000000e+06
2.423278902815638958e+00 2.477904000000000000e+06
3.317536582768354947e+00 2.272433000000000000e+06
4.211794262721070936e+00 2.062687000000000000e+06
5.106051942673786925e+00 1.849063000000000000e+06
6.000309622626502914e+00 1.631363000000000000e+06
6.894567302579218904e+00 1.415555000000000000e+06
7.788824982531934893e+00 1.198597000000000000e+06
8.683082662484650882e+00 9.803360000000000000e+05
9.577340342437366871e+00 7.663160000000000000e+05
1.047159802239008286e+01 5.529480000000000000e+05
1.136585570234279885e+01 3.451090000000000000e+05
1.226011338229551484e+01 1.457320000000000000e+05
1.315437106224823083e+01 1.010900000000000000e+04
1.404862874220094682e+01 2.138000000000000000e+03
1.494288642215366281e+01 1.444000000000000000e+03
1.583714410210637880e+01 1.076000000000000000e+03
1.673140178205909478e+01 8.660000000000000000e+02
1.762565946201181077e+01 6.580000000000000000e+02
1.851991714196452676e+01 5.620000000000000000e+02
1.941417482191724275e+01 4.860000000000000000e+02
2.030843250186995874e+01 4.140000000000000000e+02
2.120269018182267473e+01 3.480000000000000000e+02
2.209694786177539072e+01 3.070000000000000000e+02
2.299120554172810671e+01 2.490000000000000000e+02
2.388546322168082270e+01 2.350000000000000000e+02
2.477972090163353869e+01 2.340000000000000000e+02
2.567397858158625468e+01 1.730000000000000000e+02
2.656823626153897067e+01 1.480000000000000000e+02
2.746249394149168666e+01 1.460000000000000000e+02
2.835675162144440264e+01 1.370000000000000000e+02
2.925100930139711863e+01 1.200000000000000000e+02
3.014526698134983462e+01 1.150000000000000000e+02
3.103952466130255061e+01 1.250000000000000000e+02
3.193378234125526660e+01 1.020000000000000000e+02
3.282804002120798259e+01 9.700000000000000000e+01
3.372229770116069858e+01 7.900000000000000000e+01
3.461655538111341457e+01 6.000000000000000000e+01
3.551081306106613056e+01 6.400000000000000000e+01
3.640507074101884655e+01 7.600000000000000000e+01
3.729932842097156254e+01 7.000000000000000000e+01
3.819358610092427853e+01 5.000000000000000000e+01
3.908784378087699451e+01 4.800000000000000000e+01
3.998210146082971050e+01 5.000000000000000000e+01
4.087635914078242649e+01 7.000000000000000000e+01
4.177061682073514248e+01 3.800000000000000000e+01
4.266487450068785847e+01 3.800000000000000000e+01
4.355913218064057446e+01 3.300000000000000000e+01
4.445338986059329045e+01 5.300000000000000000e+01
4.534764754054600644e+01 3.800000000000000000e+01
4.624190522049872243e+01 4.100000000000000000e+01
4.713616290045143842e+01 3.500000000000000000e+01
4.803042058040415441e+01 2.300000000000000000e+01
4.892467826035687040e+01 4.100000000000000000e+01
4.981893594030958639e+01 3.800000000000000000e+01
5.071319362026230237e+01 3.000000000000000000e+01
5.160745130021501836e+01 2.700000000000000000e+01
5.250170898016773435e+01 2.900000000000000000e+01
5.339596666012045034e+01 2.600000000000000000e+01
5.429022434007316633e+01 1.500000000000000000e+01
5.518448202002588232e+01 2.200000000000000000e+01
5.607873969997859831e+01 2.000000000000000000e+01
5.697299737993131430e+01 2.100000000000000000e+01
5.786725505988403029e+01 2.700000000000000000e+01
5.876151273983674628e+01 2.700000000000000000e+01
5.965577041978946227e+01 2.600000000000000000e+01
6.055002809974217826e+01 1.900000000000000000e+01
6.144428577969489425e+01 1.600000000000000000e+01
6.233854345964761023e+01 1.700000000000000000e+01
6.323280113960032622e+01 1.400000000000000000e+01
6.412705881955304221e+01 2.000000000000000000e+01
6.502131649950575820e+01 2.000000000000000000e+01
6.591557417945847419e+01 1.700000000000000000e+01
6.680983185941119018e+01 1.600000000000000000e+01
6.770408953936390617e+01 1.500000000000000000e+01
6.859834721931662216e+01 2.000000000000000000e+01
6.949260489926933815e+01 1.700000000000000000e+01
7.038686257922205414e+01 1.900000000000000000e+01
7.128112025917477013e+01 1.800000000000000000e+01
7.217537793912748612e+01 1.500000000000000000e+01
7.306963561908020210e+01 2.100000000000000000e+01
7.396389329903291809e+01 1.400000000000000000e+01
7.485815097898563408e+01 1.800000000000000000e+01
7.575240865893835007e+01 1.600000000000000000e+01
7.664666633889106606e+01 2.800000000000000000e+01
7.754092401884378205e+01 1.700000000000000000e+01
7.843518169879649804e+01 2.100000000000000000e+01
7.932943937874921403e+01 1.700000000000000000e+01
8.022369705870193002e+01 8.000000000000000000e+00
8.111795473865464601e+01 1.100000000000000000e+01
8.201221241860736200e+01 9.000000000000000000e+00
8.290647009856007799e+01 1.100000000000000000e+01
8.380072777851279398e+01 5.000000000000000000e+00
8.469498545846550996e+01 4.000000000000000000e+00
8.558924313841822595e+01 2.000000000000000000e+00
8.648350081837094194e+01 3.000000000000000000e+00
8.737775849832365793e+01 1.000000000000000000e+00
8.827201617827637392e+01 0.000000000000000000e+00
8.916627385822908991e+01 1.000000000000000000e+00
