-8.908347909073992810e+01 4.000000000000000000e+00
-8.728384135995318616e+01 1.000000000000000000e+00
-8.548420362916644422e+01 2.000000000000000000e+00
-8.368456589837970228e+01 7.000000000000000000e+00
-8.188492816759297455e+01 6.000000000000000000e+00
-8.008529043680623261e+01 4.000000000000000000e+00
-7.828565270601949067e+01 8.000000000000000000e+00
-7.648601497523274872e+01 7.000000000000000000e+00
-7.468637724444600678e+01 5.000000000000000000e+00
-7.288673951365927905e+01 6.000000000000000000e+00
-7.108710178287253711e+01 7.000000000000000000e+00
-6.928746405208579517e+01 4.000000000000000000e+00
-6.748782632129905323e+01 6.000000000000000000e+00
-6.568818859051231129e+01 8.000000000000000000e+00
-6.388855085972556935e+01 4.000000000000000000e+00
-6.208891312893882741e+01 6.000000000000000000e+00
-6.028927539815208547e+01 6.000000000000000000e+00
-5.848963766736535064e+01 6.000000000000000000e+00
-5.668999993657860870e+01 5.000000000000000000e+00
-5.489036220579187386e+01 8.000000000000000000e+00
-5.309072447500513192e+01 7.000000000000000000e+00
-5.129108674421838998e+01 1.000000000000000000e+01
-4.949144901343164804e+01 1.400000000000000000e+01
-4.769181128264490610e+01 1.800000000000000000e+01
-4.589217355185817127e+01 1.400000000000000000e+01
-4.409253582107142933e+01 1.700000000000000000e+01
-4.229289809028469449e+01 1.600000000000000000e+01
-4.049326035949795255e+01 2.000000000000000000e+01
-3.869362262871121061e+01 1.600000000000000000e+01
-3.689398489792446867e+01 1.700000000000000000e+01
-3.509434716713772673e+01 3.000000000000000000e+01
-3.329470943635099189e+01 2.800000000000000000e+01
-3.149507170556424995e+01 4.800000000000000000e+01
-2.969543397477751157e+01 5.500000000000000000e+01
-2.789579624399077318e+01 6.000000000000000000e+01
-2.609615851320403124e+01 5.200000000000000000e+01
-2.429652078241728930e+01 7.700000000000000000e+01
-2.249688305163054736e+01 1.130000000000000000e+02
-2.069724532084380542e+01 1.290000000000000000e+02
-1.889760759005707058e+01 1.970000000000000000e+02
-1.709796985927033575e+01 2.500000000000000000e+02
-1.529833212848359381e+01 3.740000000000000000e+02
-1.349869439769685187e+01 6.240000000000000000e+02
-1.169905666691010993e+01 1.676300000000000000e+04
-9.899418936123367985e+00 1.251690000000000000e+05
-8.099781205336626044e+00 2.684930000000000000e+05
-6.300143474549891209e+00 4.269480000000000000e+05
-4.500505743763156374e+00 5.895730000000000000e+05
-2.700868012976414434e+00 7.481100000000000000e+05
-9.012302821896724936e-01 8.662410000000000000e+05
8.984074485970694468e-01 8.799560000000000000e+05
2.698045179383811387e+00 8.027570000000000000e+05
4.497682910170553328e+00 6.491490000000000000e+05
6.297320640957288163e+00 4.856090000000000000e+05
8.096958371744022998e+00 3.277530000000000000e+05
9.896596102530764938e+00 1.764220000000000000e+05
1.169623383331750688e+01 4.676100000000000000e+04
1.349587156410424882e+01 8.260000000000000000e+02
1.529550929489099076e+01 4.260000000000000000e+02
1.709514702567773270e+01 2.820000000000000000e+02
1.889478475646446753e+01 2.010000000000000000e+02
2.069442248725120237e+01 1.350000000000000000e+02
2.249406021803794431e+01 1.110000000000000000e+02
2.429369794882468625e+01 9.400000000000000000e+01
2.609333567961142819e+01 7.300000000000000000e+01
2.789297341039817013e+01 6.100000000000000000e+01
2.969261114118491207e+01 4.300000000000000000e+01
3.149224887197164691e+01 4.500000000000000000e+01
3.329188660275838174e+01 3.500000000000000000e+01
3.509152433354512368e+01 2.800000000000000000e+01
3.689116206433186562e+01 2.900000000000000000e+01
3.869079979511860756e+01 2.000000000000000000e+01
4.049043752590534950e+01 2.100000000000000000e+01
4.229007525669209144e+01 2.100000000000000000e+01
4.408971298747883338e+01 1.100000000000000000e+01
4.588935071826557532e+01 1.400000000000000000e+01
4.768898844905231726e+01 9.000000000000000000e+00
4.948862617983905920e+01 1.000000000000000000e+01
5.128826391062578693e+01 1.400000000000000000e+01
5.308790164141251466e+01 8.000000000000000000e+00
5.488753937219925660e+01 1.100000000000000000e+01
5.668717710298599854e+01 1.000000000000000000e+01
5.848681483377274049e+01 5.000000000000000000e+00
6.028645256455948243e+01 8.000000000000000000e+00
6.208609029534622437e+01 8.000000000000000000e+00
6.388572802613296631e+01 2.000000000000000000e+00
6.568536575691970825e+01 5.000000000000000000e+00
6.748500348770645019e+01 3.000000000000000000e+00
6.928464121849319213e+01 4.000000000000000000e+00
7.108427894927993407e+01 6.000000000000000000e+00
7.288391668006667601e+01 3.000000000000000000e+00
7.468355441085341795e+01 8.000000000000000000e+00
7.648319214164014568e+01 9.000000000000000000e+00
7.828282987242687341e+01 8.000000000000000000e+00
8.008246760321361535e+01 6.000000000000000000e+00
8.188210533400035729e+01 4.000000000000000000e+00
8.368174306478709923e+01 0.000000000000000000e+00
8.548138079557384117e+01 2.000000000000000000e+00
8.728101852636058311e+01 2.000000000000000000e+00
8.908065625714732505e+01 1.000000000000000000e+00
