-8.904710349756508947e+01 3.400000000000000000e+01
-8.724825991263345770e+01 3.200000000000000000e+01
-8.544941632770184015e+01 4.800000000000000000e+01
-8.365057274277020838e+01 3.900000000000000000e+01
-8.185172915783857661e+01 4.700000000000000000e+01
-8.005288557290694484e+01 4.100000000000000000e+01
-7.825404198797531308e+01 3.700000000000000000e+01
-7.645519840304368131e+01 3.800000000000000000e+01
-7.465635481811206375e+01 5.700000000000000000e+01
-7.285751123318043199e+01 5.600000000000000000e+01
-7.105866764824880022e+01 3.600000000000000000e+01
-6.925982406331716845e+01 4.600000000000000000e+01
-6.746098047838553668e+01 5.200000000000000000e+01
-6.566213689345390492e+01 5.100000000000000000e+01
-6.386329330852228026e+01 6.500000000000000000e+01
-6.206444972359065559e+01 5.200000000000000000e+01
-6.026560613865902383e+01 6.400000000000000000e+01
-5.846676255372739206e+01 6.400000000000000000e+01
-5.666791896879576740e+01 4.700000000000000000e+01
-5.486907538386414274e+01 5.800000000000000000e+01
-5.307023179893251097e+01 7.400000000000000000e+01
-5.127138821400087920e+01 7.900000000000000000e+01
-4.947254462906924743e+01 6.600000000000000000e+01
-4.767370104413762277e+01 5.700000000000000000e+01
-4.587485745920599101e+01 7.400000000000000000e+01
-4.407601387427436634e+01 8.900000000000000000e+01
-4.227717028934273458e+01 8.000000000000000000e+01
-4.047832670441110281e+01 1.010000000000000000e+02
-3.867948311947947104e+01 1.100000000000000000e+02
-3.688063953454784638e+01 1.280000000000000000e+02
-3.508179594961622172e+01 1.530000000000000000e+02
-3.328295236468458995e+01 1.490000000000000000e+02
-3.148410877975295818e+01 1.880000000000000000e+02
-2.968526519482132997e+01 1.940000000000000000e+02
-2.788642160988970176e+01 2.290000000000000000e+02
-2.608757802495807354e+01 2.570000000000000000e+02
-2.428873444002644533e+01 3.110000000000000000e+02
-2.248989085509481356e+01 3.570000000000000000e+02
-2.069104727016318179e+01 4.400000000000000000e+02
-1.889220368523155713e+01 6.210000000000000000e+02
-1.709336010029993247e+01 7.140000000000000000e+02
-1.529451651536830070e+01 1.079000000000000000e+03
-1.349567293043666893e+01 2.653400000000000000e+04
-1.169682934550503717e+01 1.743020000000000000e+05
-9.897985760573405400e+00 3.677490000000000000e+05
-8.099142175641780739e+00 5.830140000000000000e+05
-6.300298590710156077e+00 8.050590000000000000e+05
-4.501455005778524310e+00 1.027048000000000000e+06
-2.702611420846892543e+00 1.232885000000000000e+06
-9.037678359152607754e-01 1.415278000000000000e+06
8.950757490163638863e-01 1.417149000000000000e+06
2.693919333947988548e+00 1.231731000000000000e+06
4.492762918879620315e+00 1.026772000000000000e+06
6.291606503811252082e+00 8.056750000000000000e+05
8.090450088742883850e+00 5.834340000000000000e+05
9.889293673674515617e+00 3.693240000000000000e+05
1.168813725860614028e+01 1.744820000000000000e+05
1.348698084353776494e+01 2.665900000000000000e+04
1.528582442846939671e+01 1.110000000000000000e+03
1.708466801340102847e+01 7.090000000000000000e+02
1.888351159833266024e+01 5.340000000000000000e+02
2.068235518326428490e+01 4.230000000000000000e+02
2.248119876819590957e+01 3.450000000000000000e+02
2.428004235312754133e+01 3.010000000000000000e+02
2.607888593805917310e+01 2.160000000000000000e+02
2.787772952299080487e+01 2.160000000000000000e+02
2.967657310792242953e+01 1.710000000000000000e+02
3.147541669285405419e+01 1.620000000000000000e+02
3.327426027778568596e+01 1.390000000000000000e+02
3.507310386271731772e+01 1.320000000000000000e+02
3.687194744764894949e+01 1.200000000000000000e+02
3.867079103258057415e+01 1.030000000000000000e+02
4.046963461751219882e+01 1.010000000000000000e+02
4.226847820244383058e+01 9.700000000000000000e+01
4.406732178737546235e+01 8.800000000000000000e+01
4.586616537230709412e+01 9.200000000000000000e+01
4.766500895723872588e+01 7.500000000000000000e+01
4.946385254217035765e+01 8.700000000000000000e+01
5.126269612710198942e+01 7.200000000000000000e+01
5.306153971203360697e+01 6.900000000000000000e+01
5.486038329696522453e+01 6.200000000000000000e+01
5.665922688189685630e+01 7.400000000000000000e+01
5.845807046682848807e+01 5.600000000000000000e+01
6.025691405176011983e+01 5.500000000000000000e+01
6.205575763669175160e+01 4.700000000000000000e+01
6.385460122162338337e+01 4.200000000000000000e+01
6.565344480655501513e+01 5.600000000000000000e+01
6.745228839148664690e+01 5.900000000000000000e+01
6.925113197641827867e+01 4.000000000000000000e+01
7.104997556134991044e+01 4.000000000000000000e+01
7.284881914628152799e+01 4.200000000000000000e+01
7.464766273121314555e+01 4.200000000000000000e+01
7.644650631614477732e+01 4.400000000000000000e+01
7.824534990107640908e+01 3.700000000000000000e+01
8.004419348600804085e+01 4.900000000000000000e+01
8.184303707093967262e+01 4.200000000000000000e+01
8.364188065587130438e+01 4.000000000000000000e+01
8.544072424080293615e+01 3.900000000000000000e+01
8.723956782573456792e+01 4.000000000000000000e+01
8.903841141066619969e+01 4.900000000000000000e+01
