-8.900260534269530410e+01 1.000000000000000000e+00
-8.811080966831407579e+01 1.000000000000000000e+00
-8.721901399393284748e+01 3.000000000000000000e+00
-8.632721831955163339e+01 2.000000000000000000e+00
-8.543542264517040508e+01 5.000000000000000000e+00
-8.454362697078917677e+01 5.000000000000000000e+00
-8.365183129640794846e+01 9.000000000000000000e+00
-8.276003562202672015e+01 1.200000000000000000e+01
-8.186823994764549184e+01 8.000000000000000000e+00
-8.097644427326426353e+01 9.000000000000000000e+00
-8.008464859888303522e+01 1.200000000000000000e+01
-7.919285292450180691e+01 1.200000000000000000e+01
-7.830105725012059281e+01 1.000000000000000000e+01
-7.740926157573936450e+01 7.000000000000000000e+00
-7.651746590135813619e+01 9.000000000000000000e+00
-7.562567022697690788e+01 1.200000000000000000e+01
-7.473387455259567957e+01 1.700000000000000000e+01
-7.384207887821446548e+01 1.100000000000000000e+01
-7.295028320383323717e+01 1.400000000000000000e+01
-7.205848752945200886e+01 1.600000000000000000e+01
-7.116669185507078055e+01 1.500000000000000000e+01
-7.027489618068955224e+01 1.300000000000000000e+01
-6.938310050630832393e+01 1.200000000000000000e+01
-6.849130483192709562e+01 1.500000000000000000e+01
-6.759950915754586731e+01 1.300000000000000000e+01
-6.670771348316463900e+01 9.000000000000000000e+00
-6.581591780878342490e+01 1.200000000000000000e+01
-6.492412213440219659e+01 1.600000000000000000e+01
-6.403232646002096828e+01 1.200000000000000000e+01
-6.314053078563973997e+01 1.600000000000000000e+01
-6.224873511125851167e+01 1.600000000000000000e+01
-6.135693943687728336e+01 2.200000000000000000e+01
-6.046514376249606926e+01 1.400000000000000000e+01
-5.957334808811484095e+01 1.600000000000000000e+01
-5.868155241373361264e+01 1.400000000000000000e+01
-5.778975673935238433e+01 2.400000000000000000e+01
-5.689796106497115602e+01 2.300000000000000000e+01
-5.600616539058992771e+01 1.900000000000000000e+01
-5.511436971620870651e+01 2.500000000000000000e+01
-5.422257404182747820e+01 2.800000000000000000e+01
-5.333077836744625699e+01 3.200000000000000000e+01
-5.243898269306502868e+01 2.100000000000000000e+01
-5.154718701868380037e+01 2.300000000000000000e+01
-5.065539134430257207e+01 2.700000000000000000e+01
-4.976359566992134376e+01 3.300000000000000000e+01
-4.887179999554012255e+01 3.200000000000000000e+01
-4.798000432115889424e+01 2.700000000000000000e+01
-4.708820864677767304e+01 3.200000000000000000e+01
-4.619641297239644473e+01 3.000000000000000000e+01
-4.530461729801521642e+01 3.800000000000000000e+01
-4.441282162363398811e+01 3.600000000000000000e+01
-4.352102594925275980e+01 3.200000000000000000e+01
-4.262923027487153860e+01 4.400000000000000000e+01
-4.173743460049031029e+01 4.700000000000000000e+01
-4.084563892610908198e+01 4.900000000000000000e+01
-3.995384325172786077e+01 5.800000000000000000e+01
-3.906204757734663247e+01 5.500000000000000000e+01
-3.817025190296540416e+01 5.300000000000000000e+01
-3.727845622858417585e+01 4.800000000000000000e+01
-3.638666055420295464e+01 5.100000000000000000e+01
-3.549486487982172633e+01 7.100000000000000000e+01
-3.460306920544049802e+01 7.500000000000000000e+01
-3.371127353105927682e+01 7.300000000000000000e+01
-3.281947785667804851e+01 8.600000000000000000e+01
-3.192768218229682020e+01 8.300000000000000000e+01
-3.103588650791559544e+01 1.090000000000000000e+02
-3.014409083353437069e+01 1.260000000000000000e+02
-2.925229515915314238e+01 1.180000000000000000e+02
-2.836049948477191407e+01 1.130000000000000000e+02
-2.746870381039068931e+01 1.630000000000000000e+02
-2.657690813600946456e+01 1.740000000000000000e+02
-2.568511246162823625e+01 1.730000000000000000e+02
-2.479331678724700794e+01 1.830000000000000000e+02
-2.390152111286577963e+01 2.160000000000000000e+02
-2.300972543848455842e+01 2.360000000000000000e+02
-2.211792976410333722e+01 2.790000000000000000e+02
-2.122613408972210891e+01 3.540000000000000000e+02
-2.033433841534088060e+01 3.920000000000000000e+02
-1.944254274095965229e+01 4.920000000000000000e+02
-1.855074706657842398e+01 5.870000000000000000e+02
-1.765895139219719567e+01 7.180000000000000000e+02
-1.676715571781597447e+01 9.290000000000000000e+02
-1.587536004343475327e+01 1.153000000000000000e+03
-1.498356436905352496e+01 1.717000000000000000e+03
-1.409176869467229665e+01 2.899000000000000000e+03
-1.319997302029106834e+01 3.814400000000000000e+04
-1.230817734590984003e+01 1.467300000000000000e+05
-1.141638167152861172e+01 2.622580000000000000e+05
-1.052458599714739051e+01 3.785990000000000000e+05
-9.632790322766169311e+00 4.937990000000000000e+05
-8.740994648384941001e+00 6.095790000000000000e+05
-7.849198974003712692e+00 7.246470000000000000e+05
-6.957403299622484383e+00 8.409800000000000000e+05
-6.065607625241256073e+00 9.549530000000000000e+05
-5.173811950860027764e+00 1.070959000000000000e+06
-4.282016276478806560e+00 1.184411000000000000e+06
-3.390220602097585356e+00 1.300151000000000000e+06
-2.498424927716357047e+00 1.413073000000000000e+06
-1.606629253335128737e+00 1.519572000000000000e+06
-7.148335789539004281e-01 1.544349000000000000e+06
1.769620954273278812e-01 1.545407000000000000e+06
1.068757769808556191e+00 1.543748000000000000e+06
1.960553444189784500e+00 1.482845000000000000e+06
2.852349118571005704e+00 1.366798000000000000e+06
3.744144792952226908e+00 1.253547000000000000e+06
4.635940467333455217e+00 1.141509000000000000e+06
5.527736141714683527e+00 1.027317000000000000e+06
6.419531816095911836e+00 9.117970000000000000e+05
7.311327490477140145e+00 7.943360000000000000e+05
8.203123164858368455e+00 6.777080000000000000e+05
9.094918839239589659e+00 5.654400000000000000e+05
9.986714513620810862e+00 4.485460000000000000e+05
1.087851018800203917e+01 3.317990000000000000e+05
1.177030586238326748e+01 2.166360000000000000e+05
1.266210153676449579e+01 1.027190000000000000e+05
1.355389721114572410e+01 1.241900000000000000e+04
1.444569288552695241e+01 2.205000000000000000e+03
1.533748855990817361e+01 1.458000000000000000e+03
1.622928423428939482e+01 1.091000000000000000e+03
1.712107990867062313e+01 8.080000000000000000e+02
1.801287558305185144e+01 6.550000000000000000e+02
1.890467125743307975e+01 5.490000000000000000e+02
1.979646693181430805e+01 4.500000000000000000e+02
2.068826260619553636e+01 3.880000000000000000e+02
2.158005828057675757e+01 3.560000000000000000e+02
2.247185395495797877e+01 2.840000000000000000e+02
2.336364962933920708e+01 2.400000000000000000e+02
2.425544530372043539e+01 1.920000000000000000e+02
2.514724097810166370e+01 1.960000000000000000e+02
2.603903665248289201e+01 1.630000000000000000e+02
2.693083232686412032e+01 1.530000000000000000e+02
2.782262800124534152e+01 1.310000000000000000e+02
2.871442367562656273e+01 1.120000000000000000e+02
2.960621935000779104e+01 1.190000000000000000e+02
3.049801502438901935e+01 1.070000000000000000e+02
3.138981069877024765e+01 1.000000000000000000e+02
3.228160637315147596e+01 9.400000000000000000e+01
3.317340204753270427e+01 8.600000000000000000e+01
3.406519772191392548e+01 7.600000000000000000e+01
3.495699339629514668e+01 7.300000000000000000e+01
3.584878907067637499e+01 6.500000000000000000e+01
3.674058474505760330e+01 7.400000000000000000e+01
3.763238041943883161e+01 6.200000000000000000e+01
3.852417609382005992e+01 5.700000000000000000e+01
3.941597176820128823e+01 4.700000000000000000e+01
4.030776744258251654e+01 4.700000000000000000e+01
4.119956311696374485e+01 5.500000000000000000e+01
4.209135879134497316e+01 5.100000000000000000e+01
4.298315446572620147e+01 3.600000000000000000e+01
4.387495014010741556e+01 3.100000000000000000e+01
4.476674581448862966e+01 3.100000000000000000e+01
4.565854148886985797e+01 4.000000000000000000e+01
4.655033716325108628e+01 3.400000000000000000e+01
4.744213283763231459e+01 3.700000000000000000e+01
4.833392851201354290e+01 3.300000000000000000e+01
4.922572418639477121e+01 3.300000000000000000e+01
5.011751986077599952e+01 2.500000000000000000e+01
5.100931553515722783e+01 2.300000000000000000e+01
5.190111120953845614e+01 2.000000000000000000e+01
5.279290688391968445e+01 3.200000000000000000e+01
5.368470255830091276e+01 1.900000000000000000e+01
5.457649823268214107e+01 2.100000000000000000e+01
5.546829390706336937e+01 2.100000000000000000e+01
5.636008958144458347e+01 1.800000000000000000e+01
5.725188525582579757e+01 1.700000000000000000e+01
5.814368093020702588e+01 1.100000000000000000e+01
5.903547660458825419e+01 1.500000000000000000e+01
5.992727227896948250e+01 2.900000000000000000e+01
6.081906795335071081e+01 2.200000000000000000e+01
6.171086362773193912e+01 1.700000000000000000e+01
6.260265930211316743e+01 1.600000000000000000e+01
6.349445497649439574e+01 1.600000000000000000e+01
6.438625065087562405e+01 2.000000000000000000e+01
6.527804632525685236e+01 2.100000000000000000e+01
6.616984199963808067e+01 1.400000000000000000e+01
6.706163767401930897e+01 1.700000000000000000e+01
6.795343334840053728e+01 1.400000000000000000e+01
6.884522902278175138e+01 1.700000000000000000e+01
6.973702469716296548e+01 1.000000000000000000e+01
7.062882037154419379e+01 1.300000000000000000e+01
7.152061604592542210e+01 1.200000000000000000e+01
7.241241172030665041e+01 8.000000000000000000e+00
7.330420739468787872e+01 1.300000000000000000e+01
7.419600306906910703e+01 6.000000000000000000e+00
7.508779874345033534e+01 1.200000000000000000e+01
7.597959441783156365e+01 1.400000000000000000e+01
7.687139009221279196e+01 1.300000000000000000e+01
7.776318576659402027e+01 1.000000000000000000e+01
7.865498144097524857e+01 8.000000000000000000e+00
7.954677711535647688e+01 1.000000000000000000e+01
8.043857278973770519e+01 1.000000000000000000e+01
8.133036846411891929e+01 7.000000000000000000e+00
8.222216413850013339e+01 8.000000000000000000e+00
8.311395981288136170e+01 5.000000000000000000e+00
8.400575548726259001e+01 5.000000000000000000e+00
8.489755116164381832e+01 5.000000000000000000e+00
8.578934683602504663e+01 1.100000000000000000e+01
8.668114251040627494e+01 2.000000000000000000e+00
8.757293818478750325e+01 3.000000000000000000e+00
8.846473385916873156e+01 3.000000000000000000e+00
