-8.703262266044873741e+01 7.000000000000000000e+00
-8.526247021871394338e+01 5.000000000000000000e+00
-8.349231777697914936e+01 1.000000000000000000e+01
-8.172216533524436954e+01 9.000000000000000000e+00
-7.995201289350958973e+01 1.600000000000000000e+01
-7.818186045177479571e+01 2.400000000000000000e+01
-7.641170801004000168e+01 1.000000000000000000e+01
-7.464155556830522187e+01 1.600000000000000000e+01
-7.287140312657042784e+01 2.500000000000000000e+01
-7.110125068483564803e+01 2.400000000000000000e+01
-6.933109824310085401e+01 2.000000000000000000e+01
-6.756094580136607419e+01 2.000000000000000000e+01
-6.579079335963128017e+01 2.400000000000000000e+01
-6.402064091789648614e+01 2.300000000000000000e+01
-6.225048847616170633e+01 2.500000000000000000e+01
-6.048033603442691231e+01 1.300000000000000000e+01
-5.871018359269213249e+01 3.100000000000000000e+01
-5.694003115095733847e+01 3.100000000000000000e+01
-5.516987870922255865e+01 2.500000000000000000e+01
-5.339972626748776463e+01 3.300000000000000000e+01
-5.162957382575297771e+01 2.500000000000000000e+01
-4.985942138401819079e+01 2.500000000000000000e+01
-4.808926894228339677e+01 4.800000000000000000e+01
-4.631911650054861695e+01 5.800000000000000000e+01
-4.454896405881382293e+01 4.300000000000000000e+01
-4.277881161707904312e+01 4.600000000000000000e+01
-4.100865917534424909e+01 6.900000000000000000e+01
-3.923850673360946217e+01 6.100000000000000000e+01
-3.746835429187467525e+01 8.200000000000000000e+01
-3.569820185013988123e+01 7.000000000000000000e+01
-3.392804940840510142e+01 9.800000000000000000e+01
-3.215789696667030739e+01 1.050000000000000000e+02
-3.038774452493552403e+01 1.030000000000000000e+02
-2.861759208320073711e+01 1.590000000000000000e+02
-2.684743964146595019e+01 2.100000000000000000e+02
-2.507728719973116327e+01 2.550000000000000000e+02
-2.330713475799637280e+01 3.230000000000000000e+02
-2.153698231626158588e+01 4.080000000000000000e+02
-1.976682987452679896e+01 6.030000000000000000e+02
-1.799667743279201204e+01 8.170000000000000000e+02
-1.622652499105722512e+01 1.319000000000000000e+03
-1.445637254932243110e+01 3.055000000000000000e+03
-1.268622010758764418e+01 1.625730000000000000e+05
-1.091606766585285726e+01 5.081170000000000000e+05
-9.145915224118070341e+00 8.560170000000000000e+05
-7.375762782383283422e+00 1.202801000000000000e+06
-5.605610340648496503e+00 1.549621000000000000e+06
-3.835457898913709585e+00 1.892750000000000000e+06
-2.065305457178915560e+00 2.235490000000000000e+06
-2.951530154441286413e-01 2.369205000000000000e+06
1.474999426290658278e+00 2.314344000000000000e+06
3.245151868025445197e+00 2.011220000000000000e+06
5.015304309760232115e+00 1.664368000000000000e+06
6.785456751495019034e+00 1.317750000000000000e+06
8.555609193229805953e+00 9.701700000000000000e+05
1.032576163496459998e+01 6.238260000000000000e+05
1.209591407669938690e+01 2.760970000000000000e+05
1.386606651843417382e+01 1.915100000000000000e+04
1.563621896016896073e+01 1.720000000000000000e+03
1.740637140190374765e+01 9.290000000000000000e+02
1.917652384363853457e+01 6.210000000000000000e+02
2.094667628537332149e+01 4.730000000000000000e+02
2.271682872710810841e+01 3.340000000000000000e+02
2.448698116884289533e+01 2.650000000000000000e+02
2.625713361057768935e+01 2.210000000000000000e+02
2.802728605231247627e+01 1.600000000000000000e+02
2.979743849404726319e+01 1.550000000000000000e+02
3.156759093578205011e+01 1.300000000000000000e+02
3.333774337751683703e+01 1.080000000000000000e+02
3.510789581925162395e+01 1.000000000000000000e+02
3.687804826098641087e+01 9.600000000000000000e+01
3.864820070272119779e+01 8.600000000000000000e+01
4.041835314445599181e+01 5.900000000000000000e+01
4.218850558619078583e+01 5.500000000000000000e+01
4.395865802792556565e+01 4.600000000000000000e+01
4.572881046966034546e+01 4.500000000000000000e+01
4.749896291139513949e+01 4.100000000000000000e+01
4.926911535312993351e+01 3.700000000000000000e+01
5.103926779486471332e+01 3.900000000000000000e+01
5.280942023659949314e+01 3.600000000000000000e+01
5.457957267833428716e+01 3.300000000000000000e+01
5.634972512006908119e+01 3.100000000000000000e+01
5.811987756180386100e+01 2.700000000000000000e+01
5.989003000353865502e+01 2.800000000000000000e+01
6.166018244527344905e+01 1.800000000000000000e+01
6.343033488700822886e+01 2.500000000000000000e+01
6.520048732874300867e+01 2.400000000000000000e+01
6.697063977047780270e+01 2.400000000000000000e+01
6.874079221221259672e+01 2.300000000000000000e+01
7.051094465394737654e+01 1.800000000000000000e+01
7.228109709568217056e+01 1.300000000000000000e+01
7.405124953741696459e+01 1.600000000000000000e+01
7.582140197915174440e+01 1.700000000000000000e+01
7.759155442088652421e+01 3.100000000000000000e+01
7.936170686262131824e+01 2.000000000000000000e+01
8.113185930435611226e+01 1.400000000000000000e+01
8.290201174609089207e+01 9.000000000000000000e+00
8.467216418782568610e+01 7.000000000000000000e+00
8.644231662956048012e+01 5.000000000000000000e+00
8.821246907129525994e+01 3.000000000000000000e+00