1604057833.26	1604057833.32
1604057833.33	1604057833.45
1604057833.46	1604057833.67
1604057833.68	1604057833.69
1604057833.69	1604057833.72
1604057833.73	1604057833.86
1604057833.86	1604057833.87
1604057833.88	1604057833.93
1604057833.93	1604057833.97
1604057833.97	1604057833.99
1604057834.0	1604057834.01
1604057834.02	1604057834.23
1604057834.23	1604057834.45
1604057834.45	1604057834.54
1604057834.55	1604057834.69
1604057834.7	1604057834.81
1604057834.82	1604057834.82
1604057834.83	1604057834.86
1604057834.87	1604057834.89
1604057834.9	1604057834.91
1604057834.92	1604057835.08
1604057835.08	1604057835.09
1604057835.1	1604057835.11
1604057835.12	1604057835.14
1604057835.15	1604057835.2
1604057835.21	1604057835.27
1604057835.27	1604057835.31
1604057835.31	1604057835.32
1604057835.33	1604057835.34
1604057835.35	1604057835.53
1604057835.53	1604057835.75
1604057835.75	1604057835.81
1604057835.81	1604057835.83
1604057835.84	1604057835.89
1604057835.9	1604057835.95
1604057835.96	1604057836.14
1604057836.15	1604057836.16
1604057836.16	1604057836.2
1604057836.21	1604057836.43
1604057836.44	1604057836.44
1604057836.45	1604057836.5
1604057836.5	1604057836.58
1604057836.59	1604057836.7
1604057836.7	1604057836.85
1604057836.85	1604057836.87
1604057836.88	1604057836.98
1604057836.99	1604057837.0
1604057837.0	1604057837.04
1604057837.05	1604057837.05
1604057837.06	1604057837.07
1604057837.08	1604057837.13
1604057837.13	1604057837.18
1604057837.18	1604057837.21
1604057837.22	1604057837.23
1604057837.24	1604057837.25
1604057837.26	1604057837.28
1604057837.28	1604057837.29
1604057837.3	1604057837.42
1604057837.42	1604057837.43
1604057837.44	1604057837.45
1604057837.45	1604057837.74
1604057837.75	1604057838.02
1604057838.02	1604057838.12
1604057838.12	1604057838.13
1604057838.14	1604057838.24
1604057838.25	1604057838.28
1604057838.28	1604057838.39
1604057838.4	1604057838.42
1604057838.43	1604057838.51
1604057838.52	1604057838.65
1604057838.65	1604057838.67
1604057838.68	1604057838.74
1604057838.75	1604057838.8
1604057838.81	1604057838.82
1604057838.82	1604057838.9
1604057838.9	1604057839.08
1604057839.09	1604057839.14
1604057839.15	1604057839.21
1604057839.22	1604057839.29
1604057839.3	1604057839.36
1604057839.37	1604057839.44
1604057839.45	1604057839.46
1604057839.47	1604057839.52
1604057839.52	1604057839.55
1604057839.55	1604057839.64
1604057839.65	1604057839.68
1604057839.69	1604057839.77
1604057839.78	1604057839.79
1604057839.79	1604057839.83
1604057839.84	1604057839.9
1604057839.91	1604057839.98
1604057839.99	1604057840.0
1604057840.0	1604057840.03
1604057840.04	1604057840.28
1604057840.29	1604057840.3
1604057840.3	1604057840.31
1604057840.32	1604057840.33
1604057840.34	1604057840.35
1604057840.35	1604057840.43
1604057840.43	1604057840.46
1604057840.46	1604057840.48
1604057840.49	1604057840.62
1604057840.63	1604057840.79
1604057840.8	1604057840.95
1604057840.96	1604057841.07
1604057841.08	1604057841.34
1604057841.35	1604057841.37
1604057841.37	1604057841.38
1604057841.39	1604057841.58
1604057841.58	1604057841.61
1604057841.61	1604057841.7
1604057841.7	1604057841.84
1604057841.84	1604057841.93
1604057841.93	1604057841.98
1604057841.98	1604057842.05
1604057842.06	1604057842.16
1604057842.17	1604057842.21
1604057842.21	1604057842.28
1604057842.28	1604057842.53
1604057842.53	1604057842.57
1604057842.58	1604057842.69
1604057842.7	1604057842.76
1604057842.76	1604057842.89
1604057842.9	1604057842.94
1604057842.94	1604057843.01
1604057843.01	1604057843.17
1604057843.2	1604057843.44
1604057843.45	1604057843.48
1604057843.48	1604057843.73
1604057843.73	1604057843.84
1604057843.84	1604057843.87
1604057843.88	1604057844.03
1604057844.04	1604057844.06
1604057844.07	1604057844.16
1604057844.16	1604057844.2
1604057844.2	1604057844.27
1604057844.27	1604057844.43
1604057844.44	1604057844.55
1604057844.56	1604057844.62
1604057844.63	1604057844.79
1604057844.8	1604057844.82
1604057844.83	1604057844.91
1604057844.92	1604057844.98
1604057844.99	1604057845.0
1604057845.01	1604057845.02
1604057845.03	1604057845.06
1604057845.06	1604057845.1
1604057845.1	1604057845.14
1604057845.14	1604057845.4
1604057845.4	1604057845.78
1604057845.78	1604057845.94
1604057845.94	1604057846.05
1604057846.06	1604057846.11
1604057846.12	1604057846.12
1604057846.13	1604057846.14
1604057846.15	1604057846.62
1604057846.62	1604057846.63
1604057846.64	1604057846.65
1604057846.65	1604057846.68
1604057846.69	1604057846.73
1604057846.74	1604057846.75
1604057846.76	1604057846.8
1604057846.81	1604057846.86
1604057846.87	1604057846.87
1604057846.88	1604057846.99
1604057847.0	1604057847.05
1604057847.06	1604057847.16
1604057847.17	1604057847.18
1604057847.19	1604057847.25
1604057847.26	1604057847.28
1604057847.29	1604057847.33
1604057847.34	1604057847.34
1604057847.35	1604057847.41
1604057847.42	1604057847.43
1604057847.44	1604057847.44
1604057847.45	1604057847.46
1604057847.47	1604057847.48
1604057847.48	1604057847.58
1604057847.59	1604057847.69
1604057847.69	1604057847.72
1604057847.72	1604057847.73
1604057847.74	1604057847.8
1604057847.82	1604057847.85
1604057847.86	1604057848.19
1604057848.2	1604057848.26
1604057848.27	1604057848.36
1604057848.36	1604057848.52
1604057848.53	1604057848.54
1604057848.55	1604057848.8
1604057848.8	1604057848.82
1604057848.83	1604057848.85
1604057848.86	1604057848.87
1604057848.88	1604057848.92
1604057848.93	1604057848.94
1604057848.94	1604057849.35
1604057849.36	1604057849.45
1604057849.45	1604057849.52
1604057849.53	1604057849.55
1604057849.56	1604057849.57
1604057849.58	1604057849.58
1604057849.59	1604057849.6
1604057849.6	1604057849.62
1604057849.62	1604057849.64
1604057849.65	1604057849.8
1604057849.81	1604057849.86
1604057849.87	1604057849.9
1604057849.9	1604057849.94
1604057849.95	1604057849.98
1604057849.98	1604057850.03
1604057850.04	1604057850.22
1604057850.22	1604057850.3
1604057850.3	1604057850.32
1604057850.33	1604057850.36
1604057850.37	1604057850.38
1604057850.38	1604057850.46
1604057850.46	1604057850.51
1604057850.51	1604057850.63
1604057850.64	1604057850.69
1604057850.69	1604057850.8
1604057850.8	1604057850.82
1604057850.83	1604057850.89
1604057850.9	1604057850.97
1604057850.98	1604057851.0
1604057851.01	1604057851.05
1604057851.06	1604057851.15
1604057851.15	1604057851.17
1604057851.17	1604057851.18
1604057851.19	1604057851.23
1604057851.24	1604057851.41
1604057851.42	1604057851.43
1604057851.44	1604057851.45
1604057851.46	1604057851.61
1604057851.62	1604057851.79
1604057851.8	1604057851.91
1604057851.92	1604057852.04
1604057852.05	1604057852.06
1604057852.07	1604057852.19
1604057852.19	1604057852.38
1604057852.39	1604057852.46
1604057852.46	1604057852.6
1604057852.6	1604057852.69
1604057852.7	1604057852.75
1604057852.76	1604057852.77
1604057852.77	1604057852.8
1604057852.81	1604057852.84
1604057852.85	1604057852.88
1604057852.89	1604057852.99
1604057852.99	1604057853.01
1604057853.02	1604057853.05
1604057853.05	1604057853.23
1604057853.26	1604057853.28
1604057853.28	1604057853.32
1604057853.33	1604057853.33
1604057853.34	1604057853.35
1604057853.36	1604057853.48
1604057853.48	1604057853.52
1604057853.53	1604057853.6
1604057853.61	1604057853.63
1604057853.63	1604057853.64
1604057853.64	1604057853.65
1604057853.66	1604057853.67
1604057853.68	1604057853.72
1604057853.73	1604057853.91
1604057853.91	1604057853.99
1604057854.0	1604057854.12
1604057854.13	1604057854.2
1604057854.2	1604057854.35
1604057854.35	1604057854.4
1604057854.4	1604057854.42
1604057854.43	1604057854.59
1604057854.6	1604057854.62
1604057854.63	1604057854.64
1604057854.64	1604057854.66
1604057854.67	1604057854.67
1604057854.68	1604057854.69
1604057854.7	1604057854.78
1604057854.79	1604057854.94
1604057854.95	1604057855.13
1604057855.13	1604057855.2
1604057855.21	1604057855.31
1604057855.31	1604057855.35
1604057855.36	1604057855.4
1604057855.41	1604057855.45
1604057855.46	1604057855.63
1604057855.64	1604057855.75
1604057855.75	1604057855.81
1604057855.82	1604057856.27
1604057856.28	1604057856.3
1604057856.31	1604057856.32
1604057856.32	1604057856.34
1604057856.34	1604057856.49
1604057856.5	1604057856.73
1604057856.74	1604057856.87
1604057856.87	1604057856.97
1604057856.98	1604057857.02
1604057857.03	1604057857.07
1604057857.08	1604057857.19
1604057857.2	1604057857.22
1604057857.23	1604057857.25
1604057857.26	1604057857.33
1604057857.33	1604057857.36
1604057857.36	1604057857.37
1604057857.38	1604057857.39
1604057857.4	1604057857.46
1604057857.47	1604057857.48
1604057857.49	1604057857.51
1604057857.51	1604057857.53
1604057857.54	1604057857.63
1604057857.64	1604057857.69
1604057857.69	1604057857.77
1604057857.78	1604057857.89
1604057857.9	1604057858.02
1604057858.03	1604057858.04
1604057858.05	1604057858.06
1604057858.07	1604057858.18
1604057858.19	1604057858.22
1604057858.23	1604057858.3
1604057858.3	1604057858.35
1604057858.35	1604057858.44
1604057858.44	1604057858.45
1604057858.45	1604057858.52
1604057858.53	1604057858.62
1604057858.63	1604057858.66
1604057858.66	1604057858.7
1604057858.71	1604057858.85
1604057858.85	1604057858.99
1604057859.0	1604057859.05
1604057859.06	1604057859.16
1604057859.17	1604057859.2
1604057859.2	1604057859.31
1604057859.32	1604057859.39
1604057859.39	1604057859.65
1604057859.66	1604057859.68
1604057859.68	1604057859.86
1604057859.87	1604057859.88
1604057859.9	1604057859.96
1604057859.97	1604057860.02
1604057860.03	1604057860.1
1604057860.11	1604057860.25
1604057860.25	1604057860.28
1604057860.29	1604057860.34
1604057860.35	1604057860.59
1604057860.6	1604057860.66
1604057860.67	1604057860.67
1604057860.68	1604057860.72
1604057860.72	1604057860.86
1604057860.86	1604057860.87
1604057860.88	1604057860.94
1604057860.94	1604057860.99
1604057860.99	1604057861.01
1604057861.02	1604057861.03
1604057861.03	1604057861.09
1604057861.1	1604057861.1
1604057861.11	1604057861.12
1604057861.13	1604057861.29
1604057861.3	1604057861.35
1604057861.36	1604057861.46
1604057861.46	1604057861.49
1604057861.49	1604057861.52
1604057861.52	1604057861.65
1604057861.65	1604057861.67
1604057861.68	1604057861.83
1604057861.83	1604057862.01
1604057862.01	1604057862.08
1604057862.09	1604057862.1
1604057862.11	1604057862.13
1604057862.14	1604057862.18
1604057862.18	1604057862.3
1604057862.31	1604057862.45
1604057862.45	1604057862.5
1604057862.5	1604057862.73
1604057862.74	1604057862.87
1604057862.87	1604057862.88
1604057862.89	1604057863.11
1604057863.12	1604057863.26
1604057863.27	1604057863.5
1604057863.5	1604057863.53
1604057863.53	1604057863.54
1604057863.55	1604057863.64
1604057863.64	1604057864.1
1604057864.1	1604057864.27
1604057864.28	1604057864.36
1604057864.37	1604057864.65
1604057864.66	1604057864.67
1604057864.67	1604057864.74
1604057864.75	1604057864.82
1604057864.82	1604057864.91
1604057864.92	1604057864.93
1604057864.93	1604057864.94
1604057864.95	1604057864.96
1604057864.96	1604057864.97
1604057864.98	1604057865.02
1604057865.03	1604057865.04
1604057865.05	1604057865.08
1604057865.09	1604057865.14
1604057865.15	1604057865.18
1604057865.19	1604057865.25
1604057865.26	1604057865.27
1604057865.28	1604057865.4
1604057865.41	1604057865.51
1604057865.51	1604057865.58
1604057865.58	1604057865.65
1604057865.66	1604057865.67
1604057865.67	1604057865.7
1604057865.71	1604057866.03
1604057866.04	1604057866.1
1604057866.11	1604057866.12
1604057866.13	1604057866.16
1604057866.17	1604057866.21
1604057866.21	1604057866.37
1604057866.37	1604057866.4
1604057866.41	1604057866.42
1604057866.43	1604057866.55
1604057866.55	1604057866.82
1604057866.83	1604057866.96
1604057866.97	1604057867.0
1604057867.0	1604057867.1
1604057867.1	1604057867.18
1604057867.18	1604057867.29
1604057867.29	1604057867.33
1604057867.33	1604057867.36
1604057867.36	1604057867.39
1604057867.39	1604057867.41
1604057867.41	1604057867.51
1604057867.52	1604057867.6
1604057867.6	1604057867.64
1604057867.64	1604057867.67
1604057867.68	1604057867.71
1604057867.72	1604057867.73
1604057867.74	1604057867.85
1604057867.86	1604057867.95
1604057867.95	1604057868.02
1604057868.02	1604057868.06
1604057868.06	1604057868.19
1604057868.2	1604057868.4
1604057868.41	1604057868.46
1604057868.47	1604057868.51
1604057868.52	1604057868.79
1604057868.8	1604057868.83
1604057868.84	1604057869.0
1604057869.01	1604057869.07
1604057869.08	1604057869.13
1604057869.14	1604057869.53
1604057869.54	1604057869.57
1604057869.58	1604057869.64
1604057869.65	1604057869.69
1604057869.7	1604057869.78
1604057869.78	1604057869.87
1604057869.88	1604057869.97
1604057869.98	1604057870.24
1604057870.24	1604057870.25
1604057870.26	1604057870.3
1604057870.31	1604057870.64
1604057870.65	1604057870.65
1604057870.66	1604057870.7
1604057870.7	1604057870.77
1604057870.77	1604057870.79
1604057870.8	1604057870.94
1604057870.95	1604057871.05
1604057871.05	1604057871.13
1604057871.13	1604057871.15
1604057871.16	1604057871.2
1604057871.21	1604057871.25
1604057871.26	1604057871.27
1604057871.27	1604057871.36
1604057871.36	1604057871.4
1604057871.4	1604057871.51
1604057871.51	1604057871.65
1604057871.65	1604057871.75
1604057871.76	1604057871.88
1604057871.89	1604057871.9
1604057871.9	1604057872.19
1604057872.2	1604057872.23
1604057872.23	1604057872.29
1604057872.29	1604057872.31
1604057872.32	1604057872.41
1604057872.42	1604057872.72
1604057872.73	1604057872.75
1604057872.75	1604057872.82
1604057872.82	1604057872.83
1604057872.83	1604057872.84
1604057872.85	1604057873.28
1604057873.29	1604057873.46
1604057873.47	1604057873.52
1604057873.53	1604057873.55
1604057873.55	1604057873.83
1604057873.83	1604057874.01
1604057874.02	1604057874.04
1604057874.04	1604057874.06
1604057874.06	1604057874.15
1604057874.15	1604057874.36
1604057874.37	1604057874.43
1604057874.44	1604057874.53
1604057874.53	1604057874.56
1604057874.57	1604057874.59
1604057874.6	1604057874.6
1604057874.61	1604057874.69
1604057874.69	1604057874.8
1604057874.8	1604057874.84
1604057874.85	1604057874.85
1604057874.86	1604057874.97
1604057874.98	1604057875.0
1604057875.01	1604057875.03
1604057875.04	1604057875.09
1604057875.09	1604057875.38
1604057875.38	1604057875.49
1604057875.5	1604057875.57
1604057875.58	1604057875.62
1604057875.63	1604057875.73
1604057875.74	1604057875.74
1604057875.75	1604057875.77
1604057875.78	1604057875.98
1604057875.99	1604057876.01
1604057876.01	1604057876.07
1604057876.07	1604057876.15
1604057876.15	1604057876.23
1604057876.23	1604057876.26
1604057876.26	1604057876.29
1604057876.3	1604057876.59
1604057876.59	1604057876.75
1604057876.75	1604057877.16
1604057877.17	1604057877.27
1604057877.28	1604057877.35
1604057877.35	1604057877.45
1604057877.46	1604057877.5
1604057877.5	1604057877.76
1604057877.76	1604057877.79
1604057877.79	1604057877.82
1604057877.83	1604057878.05
1604057878.06	1604057878.11
1604057878.12	1604057878.12
1604057878.13	1604057878.24
1604057878.25	1604057878.28
1604057878.29	1604057878.36
1604057878.37	1604057878.38
1604057878.39	1604057878.41
1604057878.42	1604057878.5
1604057878.51	1604057878.68
1604057878.69	1604057878.76
1604057878.77	1604057878.8
1604057878.81	1604057878.81
1604057878.82	1604057878.84
1604057878.85	1604057878.88
1604057878.88	1604057878.95
1604057878.96	1604057878.97
1604057878.98	1604057879.1
1604057879.11	1604057879.13
1604057879.14	1604057879.25
1604057879.27	1604057879.4
1604057879.41	1604057879.41
1604057879.42	1604057879.45
1604057879.45	1604057879.46
1604057879.47	1604057879.61
1604057879.62	1604057879.65
1604057879.65	1604057879.72
1604057879.73	1604057879.74
1604057879.74	1604057879.93
1604057879.93	1604057879.96
1604057879.96	1604057880.1
1604057880.11	1604057880.26
1604057880.26	1604057880.29
1604057880.3	1604057880.33
1604057880.34	1604057880.41
1604057880.42	1604057880.47
1604057880.48	1604057880.52
1604057880.52	1604057880.83
1604057880.84	1604057881.01
1604057881.02	1604057881.07
1604057881.08	1604057881.19
1604057881.19	1604057881.28
1604057881.28	1604057881.35
1604057881.36	1604057881.41
1604057881.42	1604057881.45
1604057881.45	1604057881.46
1604057881.47	1604057881.48
1604057881.49	1604057881.52
1604057881.53	1604057881.6
1604057881.6	1604057881.75
1604057881.76	1604057881.79
1604057881.8	1604057881.85
1604057881.85	1604057881.86
1604057881.86	1604057881.95
1604057881.96	1604057882.05
1604057882.05	1604057882.09
1604057882.1	1604057882.27
1604057882.27	1604057882.28
1604057882.29	1604057882.32
1604057882.32	1604057882.4
1604057882.41	1604057882.42
1604057882.42	1604057882.44
1604057882.45	1604057882.68
1604057882.69	1604057882.71
1604057882.72	1604057883.0
1604057883.01	1604057883.04
1604057883.06	1604057883.17
1604057883.18	1604057883.26
1604057883.27	1604057883.42
1604057883.43	1604057883.47
1604057883.47	1604057883.77
1604057883.78	1604057883.78
1604057883.79	1604057883.85
1604057883.85	1604057883.98
1604057883.99	1604057884.03
1604057884.03	1604057884.12
1604057884.13	1604057884.28
1604057884.29	1604057884.34
1604057884.35	1604057884.38
1604057884.39	1604057884.49
1604057884.5	1604057884.52
1604057884.52	1604057884.62
1604057884.62	1604057884.69
1604057884.7	1604057884.71
1604057884.72	1604057884.78
1604057884.79	1604057884.81
1604057884.82	1604057884.89
1604057884.9	1604057884.96
1604057884.97	1604057885.04
1604057885.04	1604057885.33
1604057885.33	1604057885.36
1604057885.36	1604057885.61
1604057885.62	1604057885.68
1604057885.69	1604057885.71
1604057885.71	1604057885.8
1604057885.81	1604057885.84
1604057885.84	1604057885.86
1604057885.87	1604057885.95
1604057885.96	1604057886.02
1604057886.03	1604057886.09
1604057886.09	1604057886.25
1604057886.26	1604057886.27
1604057886.28	1604057886.29
1604057886.29	1604057886.33
1604057886.34	1604057886.47
1604057886.48	1604057886.5
1604057886.5	1604057886.53
1604057886.54	1604057886.62
1604057886.62	1604057886.68
1604057886.69	1604057886.78
1604057886.78	1604057886.82
1604057886.82	1604057886.99
1604057886.99	1604057887.06
1604057887.07	1604057887.07
1604057887.08	1604057887.2
1604057887.2	1604057887.45
1604057887.45	1604057887.6
1604057887.6	1604057887.71
1604057887.73	1604057887.81
1604057887.82	1604057887.88
1604057887.88	1604057887.91
1604057887.92	1604057887.99
1604057888.0	1604057888.14
1604057888.14	1604057888.21
1604057888.21	1604057888.33
1604057888.34	1604057888.37
1604057888.37	1604057888.47
1604057888.47	1604057888.5
1604057888.51	1604057888.59
1604057888.59	1604057888.74
1604057888.74	1604057888.83
1604057888.83	1604057888.84
1604057888.85	1604057888.88
1604057888.89	1604057889.26
1604057889.26	1604057889.32
1604057889.32	1604057889.46
1604057889.47	1604057889.63
1604057889.63	1604057889.68
1604057889.69	1604057889.7
1604057889.71	1604057889.74
1604057889.74	1604057889.89
1604057889.9	1604057889.93
1604057889.93	1604057889.95
1604057889.96	1604057890.04
1604057890.05	1604057890.08
1604057890.08	1604057890.09
1604057890.1	1604057890.2
1604057890.2	1604057890.22
1604057890.23	1604057890.24
1604057890.24	1604057890.28
1604057890.29	1604057890.3
1604057890.3	1604057890.31
1604057890.32	1604057890.37
1604057890.38	1604057890.39
1604057890.39	1604057890.46
1604057890.47	1604057890.59
1604057890.59	1604057890.7
1604057890.71	1604057890.76
1604057890.77	1604057890.83
1604057890.84	1604057890.87
1604057890.88	1604057890.93
1604057890.93	1604057891.01
1604057891.01	1604057891.16
1604057891.17	1604057891.22
1604057891.23	1604057891.27
1604057891.28	1604057891.28
1604057891.29	1604057891.39
1604057891.4	1604057891.49
1604057891.5	1604057891.66
1604057891.67	1604057891.77
1604057891.78	1604057891.99
1604057892.0	1604057892.02
1604057892.03	1604057892.1
1604057892.11	1604057892.14
1604057892.15	1604057892.2
1604057892.2	1604057892.21
1604057892.22	1604057892.24
1604057892.25	1604057892.28
1604057892.28	1604057892.33
1604057892.33	1604057892.36
1604057892.36	1604057892.42
1604057892.43	1604057892.51
1604057892.52	1604057892.56
1604057892.57	1604057892.62
1604057892.62	1604057892.63
1604057892.64	1604057892.77
1604057892.78	1604057892.82
1604057892.84	1604057892.89
1604057892.89	1604057892.9
1604057892.9	1604057892.96
1604057892.96	1604057893.11
1604057893.12	1604057893.16
1604057893.17	1604057893.19
1604057893.2	1604057893.38
1604057893.38	1604057893.52
1604057893.52	1604057893.58
1604057893.58	1604057893.62
1604057893.62	1604057893.66
1604057893.66	1604057893.74
1604057893.75	1604057893.86
1604057893.87	1604057893.94
1604057893.95	1604057894.01
1604057894.02	1604057894.37
1604057894.37	1604057894.43
1604057894.44	1604057894.45
1604057894.46	1604057894.49
1604057894.5	1604057894.57
1604057894.57	1604057894.61
1604057894.62	1604057894.66
1604057894.67	1604057894.78
1604057894.79	1604057894.88
1604057894.88	1604057895.01
1604057895.02	1604057895.03
1604057895.03	1604057895.33
1604057895.33	1604057895.71
1604057895.72	1604057895.73
1604057895.73	1604057895.74
1604057895.75	1604057895.83
1604057895.83	1604057895.85
1604057895.86	1604057895.89
1604057895.89	1604057895.9
1604057895.91	1604057895.92
1604057895.93	1604057895.94
1604057895.94	1604057895.97
1604057895.97	1604057896.03
1604057896.03	1604057896.07
1604057896.08	1604057896.09
1604057896.1	1604057896.11
1604057896.12	1604057896.23
1604057896.24	1604057896.24
1604057896.25	1604057896.25
1604057896.26	1604057896.71
1604057896.71	1604057896.74
1604057896.74	1604057896.86
1604057896.86	1604057897.07
1604057897.08	1604057897.19
1604057897.2	1604057897.3
1604057897.31	1604057897.33
1604057897.34	1604057897.5
1604057897.5	1604057897.57
1604057897.58	1604057897.73
1604057897.74	1604057897.77
1604057897.78	1604057898.0
1604057898.01	1604057898.14
