1604058464.22	1604058464.28
1604058464.29	1604058464.39
1604058464.39	1604058464.42
1604058464.43	1604058464.5
1604058464.5	1604058464.52
1604058464.52	1604058464.54
1604058464.54	1604058464.57
1604058464.57	1604058464.6
1604058464.61	1604058464.65
1604058464.65	1604058464.74
1604058464.74	1604058464.75
1604058464.76	1604058464.77
1604058464.77	1604058464.86
1604058464.87	1604058464.89
1604058464.9	1604058464.9
1604058464.91	1604058464.99
1604058464.99	1604058465.03
1604058465.04	1604058465.07
1604058465.08	1604058465.09
1604058465.1	1604058465.13
1604058465.14	1604058465.16
1604058465.16	1604058465.17
1604058465.18	1604058465.19
1604058465.19	1604058465.22
1604058465.22	1604058465.24
1604058465.25	1604058465.29
1604058465.29	1604058465.34
1604058465.34	1604058465.35
1604058465.36	1604058465.38
1604058465.39	1604058465.46
1604058465.46	1604058465.47
1604058465.48	1604058465.51
1604058465.52	1604058465.63
1604058465.64	1604058465.68
1604058465.69	1604058465.71
1604058465.71	1604058465.74
1604058465.74	1604058465.91
1604058465.91	1604058465.96
1604058465.97	1604058466.02
1604058466.03	1604058466.11
1604058466.11	1604058466.14
1604058466.15	1604058466.19
1604058466.2	1604058466.22
1604058466.22	1604058466.31
1604058466.32	1604058466.34
1604058466.35	1604058466.47
1604058466.48	1604058466.49
1604058466.5	1604058466.59
1604058466.6	1604058466.65
1604058466.65	1604058466.72
1604058466.73	1604058466.73
1604058466.74	1604058466.76
1604058466.76	1604058466.79
1604058466.8	1604058466.81
1604058466.82	1604058466.83
1604058466.83	1604058466.86
1604058466.87	1604058466.91
1604058466.92	1604058466.93
1604058466.93	1604058466.98
1604058466.99	1604058467.01
1604058467.01	1604058467.08
1604058467.08	1604058467.1
1604058467.11	1604058467.11
1604058467.12	1604058467.15
1604058467.16	1604058467.19
1604058467.2	1604058467.23
1604058467.23	1604058467.26
1604058467.27	1604058467.28
1604058467.29	1604058467.3
1604058467.3	1604058467.32
1604058467.32	1604058467.5
1604058467.51	1604058467.52
1604058467.53	1604058467.55
1604058467.55	1604058467.57
1604058467.58	1604058467.59
1604058467.6	1604058467.63
1604058467.64	1604058467.7
1604058467.7	1604058467.74
1604058467.75	1604058467.76
1604058467.76	1604058467.77
1604058467.77	1604058467.81
1604058467.82	1604058467.83
1604058467.83	1604058467.92
1604058467.92	1604058467.96
1604058467.97	1604058468.01
1604058468.02	1604058468.22
1604058468.23	1604058468.24
1604058468.25	1604058468.25
1604058468.26	1604058468.28
1604058468.29	1604058468.41
1604058468.42	1604058468.44
1604058468.45	1604058468.47
1604058468.48	1604058468.67
1604058468.67	1604058468.77
1604058468.77	1604058468.82
1604058468.82	1604058468.83
1604058468.84	1604058468.87
1604058468.88	1604058468.94
1604058468.94	1604058468.98
1604058468.99	1604058469.01
1604058469.02	1604058469.11
1604058469.12	1604058469.13
1604058469.14	1604058469.14
1604058469.15	1604058469.21
1604058469.21	1604058469.23
1604058469.23	1604058469.24
1604058469.25	1604058469.31
1604058469.32	1604058469.35
1604058469.36	1604058469.4
1604058469.41	1604058469.42
1604058469.42	1604058469.43
1604058469.44	1604058469.58
1604058469.59	1604058469.68
1604058469.69	1604058469.69
1604058469.7	1604058469.71
1604058469.71	1604058469.73
1604058469.73	1604058469.74
1604058469.74	1604058469.77
1604058469.78	1604058469.8
1604058469.81	1604058469.84
1604058469.85	1604058469.88
1604058469.89	1604058469.93
1604058469.94	1604058469.96
1604058469.96	1604058470.03
1604058470.03	1604058470.17
1604058470.17	1604058470.19
1604058470.2	1604058470.21
1604058470.22	1604058470.31
1604058470.32	1604058470.35
1604058470.35	1604058470.4
1604058470.4	1604058470.42
1604058470.43	1604058470.44
1604058470.44	1604058470.56
1604058470.57	1604058470.59
1604058470.6	1604058470.61
1604058470.61	1604058470.62
1604058470.63	1604058470.65
1604058470.66	1604058470.68
1604058470.68	1604058470.76
1604058470.76	1604058470.8
1604058470.8	1604058470.82
1604058470.83	1604058470.85
1604058470.86	1604058470.89
1604058470.89	1604058470.95
1604058470.96	1604058470.97
1604058470.98	1604058470.98
1604058470.99	1604058471.03
1604058471.03	1604058471.05
1604058471.06	1604058471.07
1604058471.08	1604058471.15
1604058471.16	1604058471.25
1604058471.26	1604058471.29
1604058471.29	1604058471.38
1604058471.39	1604058471.48
1604058471.48	1604058471.5
1604058471.51	1604058471.52
1604058471.52	1604058471.55
1604058471.55	1604058471.6
1604058471.6	1604058471.62
1604058471.62	1604058471.64
1604058471.64	1604058471.82
1604058471.82	1604058471.91
1604058471.92	1604058472.0
1604058472.01	1604058472.11
1604058472.12	1604058472.16
1604058472.16	1604058472.22
1604058472.23	1604058472.26
1604058472.27	1604058472.31
1604058472.31	1604058472.38
1604058472.38	1604058472.42
1604058472.43	1604058472.46
1604058472.47	1604058472.49
1604058472.5	1604058472.52
1604058472.52	1604058472.53
1604058472.53	1604058472.56
1604058472.57	1604058472.59
1604058472.59	1604058472.63
1604058472.64	1604058472.65
1604058472.66	1604058472.67
1604058472.68	1604058472.75
1604058472.76	1604058472.81
1604058472.81	1604058472.94
1604058472.95	1604058473.07
1604058473.08	1604058473.18
1604058473.19	1604058473.21
1604058473.22	1604058473.23
1604058473.24	1604058473.26
1604058473.26	1604058473.3
1604058473.31	1604058473.32
1604058473.33	1604058473.38
1604058473.38	1604058473.42
1604058473.42	1604058473.62
1604058473.62	1604058473.68
1604058473.69	1604058473.7
1604058473.7	1604058473.81
1604058473.81	1604058473.82
1604058473.83	1604058473.84
1604058473.85	1604058473.9
1604058473.9	1604058474.04
1604058474.04	1604058474.09
1604058474.1	1604058474.11
1604058474.12	1604058474.25
1604058474.26	1604058474.28
1604058474.29	1604058474.3
1604058474.31	1604058474.31
1604058474.32	1604058474.33
1604058474.33	1604058474.38
1604058474.38	1604058474.42
1604058474.42	1604058474.44
1604058474.45	1604058474.46
1604058474.47	1604058474.5
1604058474.51	1604058474.6
1604058474.6	1604058474.62
1604058474.63	1604058474.65
1604058474.66	1604058474.71
1604058474.71	1604058474.74
1604058474.75	1604058474.8
1604058474.81	1604058474.88
1604058474.89	1604058474.91
1604058474.92	1604058474.95
1604058474.96	1604058474.97
1604058474.97	1604058475.02
1604058475.02	1604058475.11
1604058475.12	1604058475.12
1604058475.13	1604058475.22
1604058475.23	1604058475.24
1604058475.24	1604058475.28
1604058475.29	1604058475.3
1604058475.3	1604058475.34
1604058475.34	1604058475.44
1604058475.44	1604058475.51
1604058475.51	1604058475.54
1604058475.55	1604058475.59
1604058475.6	1604058475.68
1604058475.69	1604058475.74
1604058475.74	1604058475.75
1604058475.76	1604058475.79
1604058475.79	1604058475.82
1604058475.82	1604058475.84
1604058475.84	1604058475.86
1604058475.86	1604058475.87
1604058475.88	1604058475.91
1604058475.92	1604058475.92
1604058475.93	1604058476.01
1604058476.01	1604058476.21
1604058476.21	1604058476.22
1604058476.22	1604058476.25
1604058476.26	1604058476.29
1604058476.3	1604058476.35
1604058476.36	1604058476.45
1604058476.45	1604058476.53
1604058476.54	1604058476.57
1604058476.57	1604058476.69
1604058476.7	1604058476.7
1604058476.71	1604058476.73
1604058476.74	1604058476.79
1604058476.8	1604058476.83
1604058476.83	1604058476.84
1604058476.85	1604058476.95
1604058476.95	1604058476.97
1604058476.98	1604058477.01
1604058477.02	1604058477.08
1604058477.08	1604058477.11
1604058477.12	1604058477.17
1604058477.17	1604058477.26
1604058477.26	1604058477.3
1604058477.31	1604058477.34
1604058477.34	1604058477.35
1604058477.36	1604058477.39
1604058477.4	1604058477.44
1604058477.44	1604058477.47
1604058477.48	1604058477.5
1604058477.51	1604058477.51
1604058477.52	1604058477.59
1604058477.6	1604058477.66
1604058477.66	1604058477.71
1604058477.72	1604058477.72
1604058477.73	1604058477.88
1604058477.88	1604058477.93
1604058477.93	1604058477.94
1604058477.95	1604058477.97
1604058477.98	1604058478.12
1604058478.12	1604058478.21
1604058478.21	1604058478.24
1604058478.25	1604058478.26
1604058478.27	1604058478.29
1604058478.3	1604058478.33
1604058478.34	1604058478.35
1604058478.35	1604058478.36
1604058478.37	1604058478.4
1604058478.4	1604058478.49
1604058478.49	1604058478.55
1604058478.56	1604058478.57
1604058478.58	1604058478.68
1604058478.68	1604058478.72
1604058478.72	1604058478.73
1604058478.74	1604058478.75
1604058478.76	1604058478.77
1604058478.77	1604058478.8
1604058478.81	1604058478.83
1604058478.84	1604058478.84
1604058478.85	1604058478.85
1604058478.86	1604058478.89
1604058478.9	1604058478.95
1604058478.96	1604058478.96
1604058478.97	1604058479.05
1604058479.05	1604058479.07
1604058479.08	1604058479.11
1604058479.11	1604058479.13
1604058479.13	1604058479.25
1604058479.26	1604058479.28
1604058479.29	1604058479.35
1604058479.35	1604058479.36
1604058479.37	1604058479.37
1604058479.38	1604058479.41
1604058479.42	1604058479.46
1604058479.47	1604058479.48
1604058479.49	1604058479.55
1604058479.55	1604058479.66
1604058479.66	1604058479.69
1604058479.7	1604058479.74
1604058479.75	1604058479.76
1604058479.77	1604058479.83
1604058479.83	1604058479.85
1604058479.86	1604058479.95
1604058479.95	1604058479.97
1604058479.97	1604058480.0
1604058480.01	1604058480.02
1604058480.03	1604058480.03
1604058480.04	1604058480.05
1604058480.05	1604058480.11
1604058480.12	1604058480.12
1604058480.13	1604058480.14
1604058480.15	1604058480.21
1604058480.22	1604058480.27
1604058480.27	1604058480.38
1604058480.39	1604058480.4
1604058480.41	1604058480.46
1604058480.47	1604058480.49
1604058480.5	1604058480.57
1604058480.58	1604058480.59
1604058480.6	1604058480.61
1604058480.62	1604058480.65
1604058480.65	1604058480.75
1604058480.76	1604058480.86
1604058480.87	1604058480.88
1604058480.88	1604058480.89
1604058480.9	1604058480.91
1604058480.91	1604058480.94
1604058480.95	1604058480.97
1604058480.98	1604058481.03
1604058481.04	1604058481.12
1604058481.13	1604058481.15
1604058481.16	1604058481.16
1604058481.17	1604058481.19
1604058481.2	1604058481.21
1604058481.22	1604058481.29
1604058481.29	1604058481.33
1604058481.34	1604058481.36
1604058481.36	1604058481.39
1604058481.39	1604058481.4
1604058481.41	1604058481.41
1604058481.42	1604058481.43
1604058481.44	1604058481.54
1604058481.55	1604058481.59
1604058481.6	1604058481.61
1604058481.62	1604058481.65
1604058481.65	1604058481.69
1604058481.7	1604058481.8
1604058481.81	1604058481.81
1604058481.82	1604058481.9
1604058481.91	1604058481.91
1604058481.92	1604058481.95
1604058481.96	1604058482.01
1604058482.01	1604058482.04
1604058482.04	1604058482.06
1604058482.07	1604058482.08
1604058482.08	1604058482.15
1604058482.16	1604058482.17
1604058482.18	1604058482.21
1604058482.21	1604058482.23
1604058482.24	1604058482.25
1604058482.26	1604058482.28
1604058482.29	1604058482.35
1604058482.35	1604058482.5
1604058482.5	1604058482.58
1604058482.58	1604058482.67
1604058482.68	1604058482.75
1604058482.75	1604058482.76
1604058482.76	1604058482.78
1604058482.78	1604058482.81
1604058482.82	1604058482.84
1604058482.85	1604058482.86
1604058482.86	1604058482.89
1604058482.9	1604058482.93
1604058482.93	1604058482.95
1604058482.95	1604058483.12
1604058483.12	1604058483.2
1604058483.2	1604058483.25
1604058483.25	1604058483.26
1604058483.27	1604058483.42
1604058483.43	1604058483.44
1604058483.45	1604058483.49
1604058483.5	1604058483.55
1604058483.56	1604058483.56
1604058483.57	1604058483.64
1604058483.64	1604058483.65
1604058483.66	1604058483.72
1604058483.72	1604058483.76
1604058483.76	1604058483.78
1604058483.78	1604058483.8
1604058483.81	1604058483.91
1604058483.92	1604058483.97
1604058483.97	1604058484.0
1604058484.01	1604058484.09
1604058484.1	1604058484.11
1604058484.12	1604058484.15
1604058484.18	1604058484.19
1604058484.2	1604058484.22
1604058484.22	1604058484.24
1604058484.25	1604058484.29
1604058484.3	1604058484.3
1604058484.31	1604058484.35
1604058484.35	1604058484.36
1604058484.36	1604058484.41
1604058484.42	1604058484.45
1604058484.46	1604058484.59
1604058484.6	1604058484.62
1604058484.62	1604058484.65
1604058484.66	1604058484.67
1604058484.67	1604058484.68
1604058484.69	1604058484.81
1604058484.82	1604058484.85
1604058484.85	1604058484.93
1604058484.93	1604058485.03
1604058485.03	1604058485.08
1604058485.09	1604058485.2
1604058485.21	1604058485.26
1604058485.27	1604058485.32
1604058485.33	1604058485.33
1604058485.34	1604058485.35
1604058485.36	1604058485.41
1604058485.42	1604058485.43
1604058485.43	1604058485.49
1604058485.5	1604058485.51
1604058485.52	1604058485.56
1604058485.56	1604058485.61
1604058485.61	1604058485.63
1604058485.64	1604058485.7
1604058485.7	1604058485.71
1604058485.72	1604058485.83
1604058485.83	1604058485.85
1604058485.85	1604058485.89
1604058485.89	1604058485.93
1604058485.95	1604058485.96
1604058485.96	1604058485.99
1604058485.99	1604058486.05
1604058486.05	1604058486.06
1604058486.06	1604058486.15
1604058486.16	1604058486.25
1604058486.26	1604058486.34
1604058486.34	1604058486.43
1604058486.44	1604058486.48
1604058486.49	1604058486.51
1604058486.52	1604058486.53
1604058486.54	1604058486.61
1604058486.61	1604058486.73
1604058486.73	1604058486.77
1604058486.77	1604058486.82
1604058486.82	1604058486.84
1604058486.85	1604058486.96
1604058486.96	1604058487.01
1604058487.02	1604058487.07
1604058487.08	1604058487.18
1604058487.19	1604058487.21
1604058487.22	1604058487.23
1604058487.23	1604058487.29
1604058487.29	1604058487.3
1604058487.31	1604058487.32
1604058487.33	1604058487.34
1604058487.34	1604058487.36
1604058487.37	1604058487.38
1604058487.39	1604058487.41
1604058487.41	1604058487.48
1604058487.49	1604058487.53
1604058487.53	1604058487.56
1604058487.56	1604058487.57
1604058487.58	1604058487.61
1604058487.61	1604058487.62
1604058487.63	1604058487.66
1604058487.66	1604058487.67
1604058487.68	1604058487.78
1604058487.79	1604058487.85
1604058487.86	1604058487.86
1604058487.87	1604058487.88
1604058487.89	1604058487.96
1604058487.96	1604058488.1
1604058488.11	1604058488.18
1604058488.19	1604058488.22
1604058488.23	1604058488.36
1604058488.37	1604058488.39
1604058488.39	1604058488.43
1604058488.44	1604058488.6
1604058488.6	1604058488.62
1604058488.63	1604058488.65
1604058488.66	1604058488.71
1604058488.72	1604058488.92
1604058488.93	1604058488.94
1604058488.95	1604058488.96
1604058488.96	1604058489.07
1604058489.07	1604058489.08
1604058489.09	1604058489.11
1604058489.11	1604058489.3
1604058489.3	1604058489.39
1604058489.39	1604058489.42
1604058489.43	1604058489.43
1604058489.44	1604058489.47
1604058489.48	1604058489.52
1604058489.52	1604058489.56
1604058489.57	1604058489.58
1604058489.59	1604058489.59
1604058489.6	1604058489.66
1604058489.67	1604058489.68
1604058489.69	1604058489.69
1604058489.7	1604058489.71
1604058489.72	1604058489.74
1604058489.74	1604058489.78
1604058489.79	1604058489.8
1604058489.8	1604058489.83
1604058489.84	1604058489.86
1604058489.87	1604058489.92
1604058489.93	1604058489.94
1604058489.95	1604058490.08
1604058490.09	1604058490.11
1604058490.12	1604058490.12
1604058490.13	1604058490.18
1604058490.19	1604058490.24
1604058490.24	1604058490.31
1604058490.31	1604058490.32
1604058490.33	1604058490.36
1604058490.37	1604058490.44
1604058490.44	1604058490.56
1604058490.57	1604058490.57
1604058490.58	1604058490.6
1604058490.61	1604058490.62
1604058490.62	1604058490.69
1604058490.69	1604058490.72
1604058490.72	1604058490.76
1604058490.77	1604058490.82
1604058490.82	1604058490.83
1604058490.84	1604058490.84
1604058490.85	1604058490.87
1604058490.87	1604058490.89
1604058490.9	1604058490.94
1604058490.95	1604058490.97
1604058490.98	1604058491.05
1604058491.06	1604058491.07
1604058491.08	1604058491.08
1604058491.09	1604058491.12
1604058491.14	1604058491.17
1604058491.17	1604058491.22
1604058491.23	1604058491.26
1604058491.27	1604058491.28
1604058491.29	1604058491.37
1604058491.37	1604058491.39
1604058491.4	1604058491.41
1604058491.42	1604058491.47
1604058491.47	1604058491.48
1604058491.49	1604058491.53
1604058491.53	1604058491.56
1604058491.56	1604058491.63
1604058491.63	1604058491.66
1604058491.67	1604058491.68
1604058491.69	1604058491.71
1604058491.71	1604058491.73
1604058491.74	1604058491.75
1604058491.75	1604058491.77
1604058491.78	1604058491.81
1604058491.82	1604058491.88
1604058491.89	1604058491.89
1604058491.9	1604058491.95
1604058491.96	1604058491.96
1604058491.97	1604058491.99
1604058492.0	1604058492.04
1604058492.05	1604058492.08
1604058492.08	1604058492.1
1604058492.11	1604058492.13
1604058492.14	1604058492.15
1604058492.15	1604058492.18
1604058492.19	1604058492.23
1604058492.23	1604058492.24
1604058492.25	1604058492.25
1604058492.26	1604058492.27
1604058492.27	1604058492.28
1604058492.29	1604058492.31
1604058492.32	1604058492.34
1604058492.35	1604058492.43
1604058492.44	1604058492.45
1604058492.46	1604058492.48
1604058492.49	1604058492.49
1604058492.5	1604058492.51
1604058492.52	1604058492.53
1604058492.53	1604058492.6
1604058492.61	1604058492.67
1604058492.68	1604058492.69
1604058492.69	1604058492.71
1604058492.72	1604058492.73
1604058492.73	1604058492.75
1604058492.75	1604058492.78
1604058492.79	1604058492.79
1604058492.8	1604058492.81
1604058492.82	1604058492.83
1604058492.84	1604058492.85
1604058492.87	1604058492.92
1604058492.93	1604058492.95
1604058492.96	1604058492.97
1604058492.98	1604058493.03
1604058493.04	1604058493.07
1604058493.08	1604058493.16
1604058493.17	1604058493.18
1604058493.18	1604058493.24
1604058493.24	1604058493.46
1604058493.47	1604058493.51
1604058493.51	1604058493.57
1604058493.58	1604058493.64
1604058493.64	1604058493.66
1604058493.67	1604058493.71
1604058493.72	1604058493.8
1604058493.81	1604058493.83
1604058493.84	1604058493.87
1604058493.88	1604058493.9
1604058493.9	1604058494.02
1604058494.02	1604058494.05
1604058494.05	1604058494.13
1604058494.13	1604058494.18
1604058494.21	1604058494.23
1604058494.24	1604058494.33
1604058494.34	1604058494.36
1604058494.37	1604058494.42
1604058494.42	1604058494.51
1604058494.52	1604058494.55
1604058494.55	1604058494.56
1604058494.57	1604058494.62
1604058494.63	1604058494.75
1604058494.76	1604058494.79
1604058494.8	1604058494.83
1604058494.84	1604058494.88
1604058494.88	1604058494.9
1604058494.9	1604058494.94
1604058494.94	1604058494.95
1604058494.96	1604058495.06
1604058495.06	1604058495.11
1604058495.11	1604058495.12
1604058495.13	1604058495.2
1604058495.21	1604058495.24
1604058495.24	1604058495.26
1604058495.27	1604058495.36
1604058495.37	1604058495.37
1604058495.38	1604058495.39
1604058495.39	1604058495.5
1604058495.5	1604058495.52
1604058495.53	1604058495.56
1604058495.56	1604058495.63
1604058495.64	1604058495.68
1604058495.69	1604058495.7
1604058495.7	1604058495.73
1604058495.74	1604058495.77
1604058495.77	1604058495.78
1604058495.78	1604058495.8
1604058495.81	1604058495.87
1604058495.88	1604058495.91
1604058495.92	1604058495.95
1604058495.95	1604058496.04
1604058496.05	1604058496.08
1604058496.09	1604058496.1
1604058496.1	1604058496.12
1604058496.12	1604058496.18
1604058496.18	1604058496.2
1604058496.21	1604058496.26
1604058496.26	1604058496.27
1604058496.28	1604058496.35
1604058496.36	1604058496.38
1604058496.38	1604058496.39
1604058496.4	1604058496.4
1604058496.41	1604058496.42
1604058496.42	1604058496.45
1604058496.46	1604058496.49
1604058496.49	1604058496.51
1604058496.51	1604058496.52
1604058496.53	1604058496.54
1604058496.55	1604058496.62
1604058496.62	1604058496.67
1604058496.68	1604058496.73
1604058496.74	1604058496.75
1604058496.75	1604058496.82
1604058496.82	1604058497.03
1604058497.04	1604058497.06
1604058497.07	1604058497.08
1604058497.09	1604058497.1
1604058497.1	1604058497.14
1604058497.14	1604058497.23
1604058497.23	1604058497.24
1604058497.25	1604058497.35
1604058497.36	1604058497.38
1604058497.38	1604058497.39
1604058497.4	1604058497.45
1604058497.46	1604058497.49
1604058497.49	1604058497.54
1604058497.54	1604058497.57
1604058497.58	1604058497.59
1604058497.6	1604058497.72
1604058497.73	1604058497.78
1604058497.78	1604058497.82
1604058497.82	1604058497.83
1604058497.84	1604058497.88
1604058497.89	1604058497.91
1604058497.92	1604058497.97
1604058497.97	1604058498.01
1604058498.02	1604058498.11
1604058498.11	1604058498.13
1604058498.14	1604058498.26
1604058498.27	1604058498.31
1604058498.32	1604058498.35
1604058498.36	1604058498.38
1604058498.39	1604058498.45
1604058498.46	1604058498.49
1604058498.5	1604058498.52
1604058498.53	1604058498.55
1604058498.56	1604058498.6
1604058498.6	1604058498.62
1604058498.63	1604058498.64
1604058498.65	1604058498.66
1604058498.66	1604058498.71
1604058498.72	1604058498.73
1604058498.74	1604058498.75
1604058498.75	1604058498.76
1604058498.77	1604058498.83
1604058498.84	1604058498.86
1604058498.87	1604058498.94
1604058498.94	1604058498.95
1604058498.96	1604058499.02
1604058499.03	1604058499.05
1604058499.06	1604058499.09
1604058499.09	1604058499.13
1604058499.13	1604058499.15
1604058499.16	1604058499.19
1604058499.2	1604058499.24
1604058499.25	1604058499.27
1604058499.27	1604058499.28
1604058499.29	1604058499.3
1604058499.31	1604058499.34
1604058499.34	1604058499.35
1604058499.35	1604058499.4
1604058499.4	1604058499.41
1604058499.42	1604058499.5
1604058499.51	1604058499.52
1604058499.53	1604058499.54
1604058499.55	1604058499.6
1604058499.6	1604058499.64
1604058499.65	1604058499.66
1604058499.67	1604058499.69
1604058499.7	1604058499.71
1604058499.72	1604058499.77
1604058499.77	1604058499.79
1604058499.8	1604058499.86
1604058499.86	1604058499.91
1604058499.92	1604058499.94
1604058499.95	1604058499.96
1604058499.96	1604058499.97
1604058499.98	1604058500.0
1604058500.01	1604058500.07
1604058500.07	1604058500.24
1604058500.25	1604058500.29
1604058500.29	1604058500.33
1604058500.34	1604058500.36
1604058500.37	1604058500.46
1604058500.46	1604058500.6
1604058500.6	1604058500.63
1604058500.63	1604058500.65
1604058500.65	1604058500.67
1604058500.68	1604058500.73
1604058500.74	1604058500.86
1604058500.87	1604058500.98
1604058500.99	1604058500.99
1604058501.0	1604058501.01
1604058501.02	1604058501.05
1604058501.05	1604058501.2
1604058501.2	1604058501.21
1604058501.22	1604058501.27
1604058501.28	1604058501.29
1604058501.3	1604058501.32
1604058501.33	1604058501.46
1604058501.47	1604058501.48
1604058501.49	1604058501.49
1604058501.5	1604058501.5
1604058501.51	1604058501.54
1604058501.54	1604058501.59
1604058501.6	1604058501.62
1604058501.62	1604058501.67
1604058501.68	1604058501.69
1604058501.71	1604058501.72
1604058501.72	1604058501.73
1604058501.73	1604058501.75
1604058501.76	1604058501.76
1604058501.77	1604058501.81
1604058501.82	1604058501.97
1604058501.97	1604058502.0
1604058502.01	1604058502.03
1604058502.04	1604058502.09
1604058502.1	1604058502.13
1604058502.14	1604058502.15
1604058502.16	1604058502.22
1604058502.23	1604058502.27
1604058502.27	1604058502.44
1604058502.45	1604058502.58
1604058502.59	1604058502.62
1604058502.62	1604058502.67
1604058502.68	1604058502.76
1604058502.76	1604058502.78
1604058502.78	1604058502.8
1604058502.81	1604058502.88
1604058502.89	1604058502.96
1604058502.96	1604058503.03
1604058503.04	1604058503.04
1604058503.05	1604058503.06
1604058503.07	1604058503.11
1604058503.11	1604058503.15
1604058503.15	1604058503.24
1604058503.24	1604058503.28
1604058503.28	1604058503.33
1604058503.35	1604058503.39
1604058503.4	1604058503.41
1604058503.42	1604058503.49
1604058503.49	1604058503.54
1604058503.54	1604058503.62
1604058503.63	1604058503.65
1604058503.65	1604058503.72
1604058503.73	1604058503.85
1604058503.85	1604058503.93
1604058503.93	1604058503.95
1604058503.95	1604058504.03
1604058504.04	1604058504.08
1604058504.09	1604058504.1
1604058504.11	1604058504.11
1604058504.12	1604058504.13
1604058504.14	1604058504.15
1604058504.15	1604058504.18
1604058504.19	1604058504.2
1604058504.2	1604058504.25
1604058504.25	1604058504.26
1604058504.27	1604058504.3
1604058504.31	1604058504.35
1604058504.35	1604058504.41
1604058504.41	1604058504.46
1604058504.46	1604058504.49
1604058504.5	1604058504.52
1604058504.53	1604058504.57
1604058504.57	1604058504.62
1604058504.63	1604058504.69
1604058504.69	1604058504.71
1604058504.72	1604058504.73
1604058504.73	1604058504.75
1604058504.76	1604058504.84
1604058504.85	1604058504.9
1604058504.91	1604058504.96
1604058504.97	1604058505.0
1604058505.01	1604058505.02
1604058505.03	1604058505.04
1604058505.05	1604058505.08
1604058505.09	1604058505.2
1604058505.2	1604058505.28
1604058505.29	1604058505.3
1604058505.31	1604058505.42
1604058505.42	1604058505.44
1604058505.45	1604058505.46
1604058505.47	1604058505.48
1604058505.48	1604058505.5
1604058505.5	1604058505.52
1604058505.52	1604058505.58
1604058505.58	1604058505.64
1604058505.64	1604058505.74
1604058505.75	1604058505.87
1604058505.87	1604058506.04
1604058506.05	1604058506.1
1604058506.11	1604058506.15
1604058506.15	1604058506.23
1604058506.24	1604058506.31
1604058506.32	1604058506.37
1604058506.38	1604058506.41
1604058506.42	1604058506.56
1604058506.56	1604058506.66
1604058506.67	1604058506.7
1604058506.71	1604058506.77
1604058506.78	1604058506.81
1604058506.81	1604058507.13
1604058507.14	1604058507.17
1604058507.17	1604058507.24
1604058507.25	1604058507.26
1604058507.26	1604058507.3
1604058507.31	1604058507.35
1604058507.36	1604058507.38
1604058507.39	1604058507.43
1604058507.44	1604058507.45
1604058507.46	1604058507.55
1604058507.56	1604058507.6
1604058507.61	1604058507.62
1604058507.63	1604058507.64
1604058507.64	1604058507.67
1604058507.68	1604058507.76
1604058507.77	1604058507.78
1604058507.78	1604058507.82
1604058507.82	1604058507.9
1604058507.91	1604058507.93
1604058507.94	1604058507.95
1604058507.96	1604058507.97
1604058507.98	1604058507.99
1604058508.0	1604058508.01
1604058508.02	1604058508.04
1604058508.05	1604058508.06
1604058508.06	1604058508.12
1604058508.12	1604058508.15
1604058508.15	1604058508.19
1604058508.19	1604058508.23
1604058508.23	1604058508.24
1604058508.25	1604058508.33
1604058508.33	1604058508.35
1604058508.35	1604058508.36
1604058508.37	1604058508.4
1604058508.41	1604058508.48
1604058508.48	1604058508.62
1604058508.63	1604058508.81
1604058508.81	1604058508.82
1604058508.83	1604058508.9
1604058508.9	1604058508.97
1604058508.98	1604058508.99
1604058509.0	1604058509.04
1604058509.04	1604058509.07
1604058509.07	1604058509.18
1604058509.19	1604058509.25
1604058509.25	1604058509.26
1604058509.28	1604058509.29
1604058509.29	1604058509.31
1604058509.32	1604058509.37
1604058509.37	1604058509.38
1604058509.39	1604058509.43
1604058509.44	1604058509.46
1604058509.47	1604058509.55
1604058509.56	1604058509.61
1604058509.62	1604058509.74
1604058509.75	1604058509.76
1604058509.77	1604058509.81
1604058509.82	1604058509.86
1604058509.87	1604058509.88
1604058509.88	1604058509.89
1604058509.9	1604058509.96
1604058509.97	1604058509.98
1604058509.99	1604058510.01
1604058510.02	1604058510.18
1604058510.18	1604058510.23
1604058510.24	1604058510.24
1604058510.25	1604058510.58
1604058510.59	1604058510.62
1604058510.62	1604058510.65
1604058510.65	1604058510.66
1604058510.67	1604058510.69
1604058510.7	1604058510.71
1604058510.72	1604058510.72
1604058510.73	1604058510.82
1604058510.82	1604058510.86
1604058510.87	1604058510.88
1604058510.89	1604058510.94
1604058510.94	1604058510.96
1604058510.97	1604058510.98
1604058510.99	1604058511.0
1604058511.01	1604058511.14
1604058511.14	1604058511.39
1604058511.4	1604058511.42
1604058511.43	1604058511.44
1604058511.44	1604058511.45
1604058511.46	1604058511.51
1604058511.52	1604058511.57
1604058511.58	1604058511.75
1604058511.76	1604058511.78
1604058511.79	1604058511.8
1604058511.8	1604058511.81
1604058511.82	1604058511.86
1604058511.87	1604058511.94
1604058511.95	1604058511.97
1604058511.97	1604058512.09
1604058512.1	1604058512.1
1604058512.11	1604058512.15
1604058512.15	1604058512.17
1604058512.18	1604058512.19
1604058512.2	1604058512.22
1604058512.23	1604058512.28
1604058512.29	1604058512.35
1604058512.35	1604058512.37
1604058512.38	1604058512.46
1604058512.47	1604058512.47
1604058512.48	1604058512.6
1604058512.61	1604058512.64
1604058512.65	1604058512.79
1604058512.79	1604058512.8
1604058512.81	1604058512.87
1604058512.87	1604058512.88
1604058512.89	1604058512.92
1604058512.93	1604058512.94
1604058512.95	1604058512.96
1604058512.97	1604058512.99
1604058513.0	1604058513.1
1604058513.1	1604058513.12
1604058513.13	1604058513.14
1604058513.14	1604058513.19
1604058513.21	1604058513.3
1604058513.3	1604058513.34
1604058513.34	1604058513.52
1604058513.52	1604058513.55
1604058513.56	1604058513.63
1604058513.64	1604058513.67
1604058513.67	1604058513.69
1604058513.7	1604058513.71
1604058513.71	1604058513.73
1604058513.74	1604058513.75
1604058513.76	1604058513.87
1604058513.88	1604058514.04
1604058514.05	1604058514.13
1604058514.13	1604058514.22
1604058514.22	1604058514.25
1604058514.25	1604058514.28
1604058514.29	1604058514.3
1604058514.3	1604058514.37
1604058514.37	1604058514.41
1604058514.41	1604058514.44
1604058514.45	1604058514.48
1604058514.49	1604058514.49
1604058514.5	1604058514.5
1604058514.51	1604058514.61
1604058514.61	1604058514.65
1604058514.65	1604058514.68
1604058514.69	1604058514.76
1604058514.77	1604058514.82
1604058514.83	1604058514.87
1604058514.88	1604058514.94
1604058514.95	1604058514.97
1604058514.98	1604058515.05
1604058515.05	1604058515.06
1604058515.07	1604058515.2
1604058515.2	1604058515.24
1604058515.25	1604058515.26
1604058515.26	1604058515.29
1604058515.3	1604058515.36
1604058515.36	1604058515.45
1604058515.45	1604058515.52
1604058515.53	1604058515.6
1604058515.6	1604058515.63
1604058515.63	1604058515.71
1604058515.72	1604058515.81
1604058515.81	1604058515.91
1604058515.91	1604058515.96
1604058515.96	1604058515.98
1604058515.99	1604058516.01
1604058516.02	1604058516.04
1604058516.04	1604058516.07
1604058516.08	1604058516.11
1604058516.11	1604058516.15
1604058516.15	1604058516.27
1604058516.27	1604058516.34
1604058516.34	1604058516.44
1604058516.44	1604058516.47
1604058516.48	1604058516.65
1604058516.65	1604058516.69
1604058516.7	1604058516.72
1604058516.73	1604058516.8
1604058516.8	1604058516.89
1604058516.9	1604058516.99
1604058517.0	1604058517.06
1604058517.07	1604058517.11
1604058517.11	1604058517.14
1604058517.15	1604058517.19
1604058517.2	1604058517.21
1604058517.21	1604058517.26
1604058517.27	1604058517.29
1604058517.29	1604058517.32
1604058517.33	1604058517.34
1604058517.34	1604058517.56
1604058517.56	1604058517.66
1604058517.66	1604058517.74
1604058517.74	1604058517.75
1604058517.76	1604058517.77
1604058517.78	1604058517.79
1604058517.79	1604058517.85
1604058517.86	1604058517.91
1604058517.91	1604058518.02
1604058518.02	1604058518.04
1604058518.05	1604058518.07
1604058518.08	1604058518.14
1604058518.15	1604058518.17
1604058518.18	1604058518.19
1604058518.19	1604058518.27
1604058518.28	1604058518.29
1604058518.3	1604058518.34
1604058518.35	1604058518.39
1604058518.41	1604058518.42
1604058518.43	1604058518.45
1604058518.45	1604058518.47
1604058518.48	1604058518.48
1604058518.49	1604058518.51
1604058518.52	1604058518.53
1604058518.54	1604058518.6
1604058518.61	1604058518.62
1604058518.62	1604058518.63
1604058518.64	1604058518.68
1604058518.69	1604058518.72
1604058518.73	1604058518.73
1604058518.74	1604058518.78
1604058518.79	1604058518.79
1604058518.8	1604058518.8
1604058518.81	1604058518.83
1604058518.83	1604058518.85
1604058518.86	1604058518.88
1604058518.88	1604058518.89
1604058518.9	1604058518.91
1604058518.92	1604058518.95
1604058518.95	1604058518.99
1604058519.0	1604058519.01
1604058519.02	1604058519.07
1604058519.08	1604058519.12
1604058519.13	1604058519.13
1604058519.14	1604058519.23
1604058519.24	1604058519.27
1604058519.28	1604058519.36
1604058519.36	1604058519.39
1604058519.39	1604058519.58
1604058519.59	1604058519.6
1604058519.61	1604058519.73
1604058519.73	1604058519.74
1604058519.75	1604058519.77
1604058519.78	1604058519.83
1604058519.83	1604058519.89
1604058519.9	1604058519.95
1604058519.96	1604058519.98
1604058519.99	1604058520.04
1604058520.05	1604058520.07
1604058520.07	1604058520.14
1604058520.15	1604058520.18
1604058520.19	1604058520.24
1604058520.25	1604058520.26
1604058520.27	1604058520.27
1604058520.28	1604058520.37
1604058520.37	1604058520.39
1604058520.4	1604058520.43
1604058520.43	1604058520.46
1604058520.47	1604058520.51
1604058520.52	1604058520.59
1604058520.59	1604058520.68
1604058520.69	1604058520.71
1604058520.71	1604058520.77
1604058520.78	1604058520.87
1604058520.87	1604058520.88
1604058520.89	1604058520.91
1604058520.92	1604058520.95
1604058520.95	1604058520.96
1604058520.97	1604058521.01
1604058521.02	1604058521.04
1604058521.05	1604058521.08
1604058521.09	1604058521.12
1604058521.12	1604058521.16
1604058521.17	1604058521.25
1604058521.25	1604058521.29
1604058521.3	1604058521.31
1604058521.32	1604058521.37
1604058521.38	1604058521.47
1604058521.47	1604058521.47
1604058521.48	1604058521.51
1604058521.51	1604058521.62
1604058521.63	1604058521.68
1604058521.69	1604058521.7
1604058521.7	1604058521.72
1604058521.73	1604058521.74
1604058521.75	1604058521.76
1604058521.77	1604058521.89
1604058521.89	1604058521.92
1604058521.93	1604058521.98
1604058521.99	1604058522.0
1604058522.0	1604058522.01
1604058522.02	1604058522.04
1604058522.04	1604058522.08
1604058522.09	1604058522.19
1604058522.2	1604058522.21
1604058522.22	1604058522.26
1604058522.27	1604058522.29
1604058522.3	1604058522.32
1604058522.33	1604058522.41
1604058522.42	1604058522.43
1604058522.44	1604058522.44
1604058522.45	1604058522.47
1604058522.48	1604058522.5
1604058522.5	1604058522.51
1604058522.52	1604058522.52
1604058522.53	1604058522.6
1604058522.6	1604058522.62
1604058522.63	1604058522.7
1604058522.7	1604058522.74
1604058522.75	1604058522.76
1604058522.76	1604058522.78
1604058522.78	1604058522.8
1604058522.8	1604058522.84
1604058522.84	1604058522.88
1604058522.89	1604058522.96
1604058522.97	1604058522.98
1604058522.98	1604058523.05
1604058523.06	1604058523.07
1604058523.07	1604058523.13
1604058523.13	1604058523.17
1604058523.17	1604058523.25
1604058523.25	1604058523.29
1604058523.29	1604058523.31
1604058523.31	1604058523.32
1604058523.33	1604058523.35
1604058523.35	1604058523.36
1604058523.37	1604058523.39
1604058523.4	1604058523.46
1604058523.47	1604058523.48
1604058523.48	1604058523.53
1604058523.53	1604058523.54
1604058523.55	1604058523.57
1604058523.58	1604058523.6
1604058523.61	1604058523.61
1604058523.62	1604058523.64
1604058523.65	1604058523.67
1604058523.68	1604058523.73
1604058523.73	1604058523.79
1604058523.79	1604058523.84
1604058523.84	1604058524.08
1604058524.08	1604058524.09
1604058524.1	1604058524.27
1604058524.29	1604058524.3
1604058524.31	1604058524.33
1604058524.33	1604058524.35
1604058524.36	1604058524.41
1604058524.42	1604058524.45
1604058524.45	1604058524.54
1604058524.55	1604058524.55
1604058524.56	1604058524.61
1604058524.62	1604058524.63
1604058524.63	1604058524.72
1604058524.73	1604058524.74
1604058524.74	1604058524.75
1604058524.76	1604058524.78
1604058524.78	1604058524.85
1604058524.86	1604058524.87
1604058524.87	1604058524.9
1604058524.9	1604058524.94
1604058524.94	1604058524.95
1604058524.96	1604058525.11
1604058525.11	1604058525.19
1604058525.19	1604058525.34
1604058525.35	1604058525.39
1604058525.4	1604058525.46
1604058525.46	1604058525.55
1604058525.56	1604058525.58
1604058525.59	1604058525.62
1604058525.62	1604058525.66
1604058525.67	1604058525.69
1604058525.7	1604058525.91
1604058525.92	1604058525.99
1604058525.99	1604058526.08
1604058526.09	1604058526.14
1604058526.14	1604058526.16
1604058526.17	1604058526.21
1604058526.21	1604058526.23
1604058526.24	1604058526.27
1604058526.28	1604058526.33
1604058526.33	1604058526.34
1604058526.35	1604058526.41
1604058526.41	1604058526.42
1604058526.42	1604058526.43
1604058526.44	1604058526.45
1604058526.46	1604058526.47
1604058526.47	1604058526.56
1604058526.56	1604058526.62
1604058526.62	1604058526.7
1604058526.71	1604058526.72
1604058526.72	1604058526.9
1604058526.91	1604058526.91
1604058526.92	1604058526.94
1604058526.94	1604058526.96
1604058526.97	1604058526.98
1604058526.98	1604058526.99
1604058527.0	1604058527.06
1604058527.06	1604058527.1
1604058527.1	1604058527.19
1604058527.2	1604058527.25
1604058527.26	1604058527.33
1604058527.33	1604058527.47
1604058527.47	1604058527.5
1604058527.5	1604058527.57
1604058527.58	1604058527.61
1604058527.62	1604058527.62
1604058527.63	1604058527.66
1604058527.67	1604058527.68
1604058527.68	1604058527.74
1604058527.75	1604058527.93
1604058527.94	1604058528.0
1604058528.0	1604058528.1
1604058528.1	1604058528.12
1604058528.13	1604058528.24
1604058528.24	1604058528.28
1604058528.29	1604058528.43
1604058528.43	1604058528.44
1604058528.45	1604058528.5
1604058528.5	1604058528.51
1604058528.52	1604058528.54
1604058528.55	1604058528.57
1604058528.58	1604058528.6
1604058528.6	1604058528.66
1604058528.67	1604058528.74
1604058528.74	1604058528.78
1604058528.79	1604058528.81
1604058528.82	1604058528.85
1604058528.85	1604058528.87
1604058528.87	1604058529.0
1604058529.0	1604058529.04
1604058529.05	1604058529.09
1604058529.1	1604058529.12
1604058529.13	1604058529.13
1604058529.14	1604058529.21
1604058529.21	1604058529.22
1604058529.23	1604058529.3
1604058529.31	1604058529.34
1604058529.35	1604058529.37
1604058529.38	1604058529.4
1604058529.41	1604058529.49
1604058529.49	1604058529.57
1604058529.57	1604058529.7
1604058529.7	1604058529.76
1604058529.76	1604058529.77
1604058529.78	1604058529.8
1604058529.8	1604058529.81
1604058529.82	1604058529.9
1604058529.91	1604058529.94
1604058529.94	1604058530.03
1604058530.03	1604058530.04
1604058530.05	1604058530.08
1604058530.09	1604058530.13
1604058530.13	1604058530.17
1604058530.18	1604058530.19
1604058530.2	1604058530.22
1604058530.23	1604058530.24
1604058530.24	1604058530.27
1604058530.28	1604058530.3
1604058530.3	1604058530.36
1604058530.37	1604058530.39
1604058530.4	1604058530.44
1604058530.44	1604058530.47
1604058530.47	1604058530.54
1604058530.55	1604058530.57
1604058530.58	1604058530.63
1604058530.63	1604058530.65
1604058530.66	1604058530.68
1604058530.68	1604058530.74
1604058530.75	1604058530.77
1604058530.77	1604058530.81
1604058530.82	1604058530.84
1604058530.84	1604058530.9
1604058530.91	1604058530.93
1604058530.94	1604058530.94
1604058530.95	1604058530.99
1604058530.99	1604058531.03
1604058531.03	1604058531.05
1604058531.05	1604058531.08
1604058531.08	1604058531.11
1604058531.11	1604058531.17
1604058531.18	1604058531.24
1604058531.25	1604058531.33
1604058531.34	1604058531.38
1604058531.38	1604058531.39
1604058531.4	1604058531.43
1604058531.44	1604058531.44
1604058531.45	1604058531.48
1604058531.49	1604058531.6
1604058531.61	1604058531.64
1604058531.65	1604058531.7
1604058531.7	1604058531.79
1604058531.79	1604058531.87
1604058531.88	1604058531.9
1604058531.9	1604058531.94
1604058531.95	1604058532.02
1604058532.02	1604058532.06
1604058532.07	1604058532.08
1604058532.08	1604058532.09
1604058532.1	1604058532.11
1604058532.12	1604058532.24
1604058532.24	1604058532.25
1604058532.26	1604058532.27
1604058532.28	1604058532.32
1604058532.32	1604058532.4
1604058532.41	1604058532.47
1604058532.48	1604058532.51
1604058532.52	1604058532.53
1604058532.54	1604058532.64
1604058532.64	1604058532.65
1604058532.66	1604058532.66
1604058532.67	1604058532.68
1604058532.68	1604058532.73
1604058532.74	1604058532.77
1604058532.78	1604058532.86
1604058532.87	1604058532.9
1604058532.91	1604058532.93
1604058532.94	1604058532.95
1604058532.95	1604058532.97
1604058532.97	1604058532.98
1604058532.99	1604058533.02
1604058533.03	1604058533.05
1604058533.05	1604058533.08
1604058533.08	1604058533.13
1604058533.13	1604058533.14
1604058533.14	1604058533.18
1604058533.19	1604058533.37
