1604056843.89	1604056843.94
1604056843.95	1604056843.96
1604056843.96	1604056844.01
1604056844.01	1604056844.03
1604056844.05	1604056844.06
1604056844.07	1604056844.11
1604056844.12	1604056844.14
1604056844.15	1604056844.2
1604056844.21	1604056844.23
1604056844.24	1604056844.24
1604056844.25	1604056844.32
1604056844.32	1604056844.39
1604056844.4	1604056844.45
1604056844.46	1604056844.5
1604056844.51	1604056844.6
1604056844.61	1604056844.62
1604056844.63	1604056844.69
1604056844.7	1604056844.74
1604056844.75	1604056844.77
1604056844.77	1604056844.78
1604056844.79	1604056844.82
1604056844.83	1604056844.88
1604056844.89	1604056844.91
1604056844.92	1604056844.96
1604056844.97	1604056844.98
1604056844.98	1604056844.99
1604056844.99	1604056845.05
1604056845.05	1604056845.08
1604056845.08	1604056845.21
1604056845.21	1604056845.23
1604056845.24	1604056845.25
1604056845.26	1604056845.27
1604056845.27	1604056845.35
1604056845.35	1604056845.4
1604056845.41	1604056845.43
1604056845.44	1604056845.53
1604056845.53	1604056845.55
1604056845.55	1604056845.57
1604056845.58	1604056845.61
1604056845.62	1604056845.75
1604056845.76	1604056845.77
1604056845.78	1604056845.78
1604056845.79	1604056845.88
1604056845.89	1604056845.95
1604056845.95	1604056846.03
1604056846.03	1604056846.04
1604056846.05	1604056846.07
1604056846.08	1604056846.14
1604056846.15	1604056846.16
1604056846.17	1604056846.17
1604056846.18	1604056846.21
1604056846.22	1604056846.27
1604056846.28	1604056846.3
1604056846.31	1604056846.41
1604056846.41	1604056846.42
1604056846.43	1604056846.5
1604056846.5	1604056846.51
1604056846.52	1604056846.57
1604056846.58	1604056846.61
1604056846.61	1604056846.73
1604056846.73	1604056846.82
1604056846.82	1604056846.98
1604056846.99	1604056847.04
1604056847.04	1604056847.06
1604056847.07	1604056847.1
1604056847.11	1604056847.12
1604056847.13	1604056847.17
1604056847.18	1604056847.21
1604056847.21	1604056847.22
1604056847.23	1604056847.24
1604056847.25	1604056847.3
1604056847.31	1604056847.32
1604056847.32	1604056847.37
1604056847.37	1604056847.38
1604056847.39	1604056847.41
1604056847.41	1604056847.43
1604056847.43	1604056847.51
1604056847.52	1604056847.54
1604056847.54	1604056847.64
1604056847.65	1604056847.66
1604056847.66	1604056847.71
1604056847.72	1604056847.74
1604056847.75	1604056847.76
1604056847.77	1604056847.8
1604056847.8	1604056847.83
1604056847.84	1604056847.85
1604056847.86	1604056847.94
1604056847.94	1604056847.99
1604056848.0	1604056848.02
1604056848.03	1604056848.04
1604056848.04	1604056848.05
1604056848.05	1604056848.08
1604056848.08	1604056848.25
1604056848.26	1604056848.28
1604056848.29	1604056848.3
1604056848.3	1604056848.32
1604056848.32	1604056848.4
1604056848.41	1604056848.42
1604056848.43	1604056848.48
1604056848.48	1604056848.61
1604056848.62	1604056848.69
1604056848.7	1604056848.7
1604056848.71	1604056848.87
1604056848.87	1604056848.94
1604056848.95	1604056848.96
1604056848.97	1604056849.04
1604056849.04	1604056849.06
1604056849.06	1604056849.13
1604056849.13	1604056849.35
1604056849.35	1604056849.36
1604056849.37	1604056849.44
1604056849.45	1604056849.46
1604056849.46	1604056849.47
1604056849.48	1604056849.53
1604056849.53	1604056849.54
1604056849.55	1604056849.57
1604056849.58	1604056849.71
1604056849.71	1604056849.73
1604056849.74	1604056849.75
1604056849.76	1604056849.76
1604056849.77	1604056849.82
1604056849.83	1604056849.84
1604056849.85	1604056849.94
1604056849.95	1604056850.01
1604056850.02	1604056850.06
1604056850.06	1604056850.09
1604056850.1	1604056850.13
1604056850.13	1604056850.17
1604056850.18	1604056850.22
1604056850.23	1604056850.23
1604056850.24	1604056850.25
1604056850.26	1604056850.32
1604056850.32	1604056850.34
1604056850.35	1604056850.41
1604056850.41	1604056850.46
1604056850.47	1604056850.47
1604056850.48	1604056850.5
1604056850.51	1604056850.52
1604056850.53	1604056850.57
1604056850.58	1604056850.61
1604056850.61	1604056850.64
1604056850.64	1604056850.71
1604056850.72	1604056850.74
1604056850.75	1604056850.78
1604056850.79	1604056850.82
1604056850.82	1604056850.84
1604056850.85	1604056850.88
1604056850.89	1604056850.91
1604056850.92	1604056851.06
1604056851.07	1604056851.11
1604056851.11	1604056851.17
1604056851.17	1604056851.22
1604056851.23	1604056851.27
1604056851.28	1604056851.29
1604056851.29	1604056851.38
1604056851.38	1604056851.41
1604056851.41	1604056851.46
1604056851.47	1604056851.49
1604056851.5	1604056851.53
1604056851.53	1604056851.56
1604056851.56	1604056851.57
1604056851.58	1604056851.6
1604056851.61	1604056851.61
1604056851.62	1604056851.68
1604056851.69	1604056851.7
1604056851.7	1604056851.76
1604056851.76	1604056851.78
1604056851.79	1604056851.85
1604056851.85	1604056851.87
1604056851.87	1604056851.9
1604056851.9	1604056851.91
1604056851.92	1604056851.92
1604056851.93	1604056851.97
1604056851.98	1604056851.98
1604056851.99	1604056852.0
1604056852.0	1604056852.05
1604056852.06	1604056852.17
1604056852.18	1604056852.25
1604056852.25	1604056852.27
1604056852.28	1604056852.3
1604056852.31	1604056852.42
1604056852.42	1604056852.45
1604056852.46	1604056852.58
1604056852.59	1604056852.59
1604056852.6	1604056852.66
1604056852.67	1604056852.85
1604056852.85	1604056852.92
1604056852.92	1604056853.0
1604056853.01	1604056853.04
1604056853.04	1604056853.07
1604056853.07	1604056853.17
1604056853.18	1604056853.21
1604056853.22	1604056853.3
1604056853.31	1604056853.34
1604056853.34	1604056853.35
1604056853.36	1604056853.36
1604056853.37	1604056853.39
1604056853.4	1604056853.46
1604056853.46	1604056853.49
1604056853.5	1604056853.55
1604056853.56	1604056853.61
1604056853.62	1604056853.71
1604056853.72	1604056853.74
1604056853.74	1604056853.75
1604056853.75	1604056853.77
1604056853.78	1604056853.83
1604056853.86	1604056853.9
1604056853.9	1604056853.94
1604056853.95	1604056854.02
1604056854.03	1604056854.03
1604056854.04	1604056854.06
1604056854.06	1604056854.09
1604056854.1	1604056854.1
1604056854.11	1604056854.13
1604056854.14	1604056854.17
1604056854.18	1604056854.31
1604056854.32	1604056854.36
1604056854.36	1604056854.5
1604056854.51	1604056854.51
1604056854.52	1604056854.55
1604056854.56	1604056854.61
1604056854.62	1604056854.63
1604056854.64	1604056854.69
1604056854.7	1604056854.7
1604056854.71	1604056854.75
1604056854.76	1604056854.78
1604056854.79	1604056854.83
1604056854.84	1604056854.87
1604056854.88	1604056854.89
1604056854.89	1604056854.95
1604056854.96	1604056854.98
1604056854.99	1604056855.0
1604056855.0	1604056855.03
1604056855.04	1604056855.09
1604056855.1	1604056855.11
1604056855.12	1604056855.15
1604056855.15	1604056855.17
1604056855.18	1604056855.34
1604056855.34	1604056855.42
1604056855.43	1604056855.44
1604056855.45	1604056855.57
1604056855.58	1604056855.59
1604056855.6	1604056855.61
1604056855.61	1604056855.66
1604056855.66	1604056855.69
1604056855.7	1604056855.71
1604056855.72	1604056855.78
1604056855.79	1604056855.8
1604056855.8	1604056855.83
1604056855.84	1604056855.9
1604056855.91	1604056855.96
1604056855.96	1604056856.03
1604056856.03	1604056856.04
1604056856.05	1604056856.1
1604056856.1	1604056856.16
1604056856.17	1604056856.18
1604056856.19	1604056856.26
1604056856.27	1604056856.3
1604056856.3	1604056856.33
1604056856.34	1604056856.37
1604056856.37	1604056856.4
1604056856.41	1604056856.45
1604056856.45	1604056856.47
1604056856.47	1604056856.56
1604056856.56	1604056856.58
1604056856.59	1604056856.59
1604056856.6	1604056856.65
1604056856.66	1604056856.66
1604056856.67	1604056856.71
1604056856.71	1604056856.78
1604056856.79	1604056856.89
1604056856.9	1604056856.98
1604056856.98	1604056857.01
1604056857.02	1604056857.02
1604056857.03	1604056857.08
1604056857.09	1604056857.14
1604056857.15	1604056857.18
1604056857.19	1604056857.24
1604056857.25	1604056857.29
1604056857.29	1604056857.3
1604056857.31	1604056857.31
1604056857.32	1604056857.41
1604056857.42	1604056857.5
1604056857.51	1604056857.52
1604056857.53	1604056857.71
1604056857.72	1604056857.73
1604056857.74	1604056857.77
1604056857.78	1604056857.81
1604056857.82	1604056857.83
1604056857.84	1604056857.86
1604056857.87	1604056857.96
1604056857.97	1604056858.02
1604056858.03	1604056858.06
1604056858.07	1604056858.07
1604056858.08	1604056858.12
1604056858.13	1604056858.14
1604056858.14	1604056858.15
1604056858.15	1604056858.23
1604056858.24	1604056858.26
1604056858.27	1604056858.37
1604056858.38	1604056858.47
1604056858.48	1604056858.5
1604056858.51	1604056858.56
1604056858.56	1604056858.6
1604056858.61	1604056858.62
1604056858.63	1604056858.63
1604056858.64	1604056858.7
1604056858.71	1604056858.72
1604056858.73	1604056858.73
1604056858.74	1604056858.75
1604056858.75	1604056858.77
1604056858.78	1604056858.86
1604056858.86	1604056858.89
1604056858.9	1604056858.95
1604056858.96	1604056859.05
1604056859.05	1604056859.1
1604056859.1	1604056859.14
1604056859.15	1604056859.16
1604056859.17	1604056859.21
1604056859.21	1604056859.29
1604056859.31	1604056859.32
1604056859.33	1604056859.37
1604056859.39	1604056859.4
1604056859.42	1604056859.44
1604056859.44	1604056859.46
1604056859.49	1604056859.53
1604056859.54	1604056859.56
1604056859.57	1604056859.68
1604056859.69	1604056859.7
1604056859.71	1604056859.71
1604056859.72	1604056859.74
1604056859.75	1604056859.75
1604056859.77	1604056859.85
1604056859.86	1604056859.9
1604056859.91	1604056859.93
1604056859.93	1604056859.95
1604056859.96	1604056859.99
1604056859.99	1604056860.03
1604056860.03	1604056860.05
1604056860.05	1604056860.08
1604056860.09	1604056860.12
1604056860.13	1604056860.14
1604056860.14	1604056860.17
1604056860.18	1604056860.22
1604056860.23	1604056860.26
1604056860.26	1604056860.3
1604056860.31	1604056860.34
1604056860.34	1604056860.4
1604056860.4	1604056860.42
1604056860.43	1604056860.47
1604056860.47	1604056860.51
1604056860.52	1604056860.55
1604056860.55	1604056860.68
1604056860.69	1604056860.76
1604056860.77	1604056860.78
1604056860.79	1604056860.81
1604056860.81	1604056860.83
1604056860.84	1604056860.85
1604056860.85	1604056860.87
1604056860.87	1604056860.88
1604056860.89	1604056860.92
1604056860.92	1604056860.98
1604056860.99	1604056861.0
1604056861.01	1604056861.08
1604056861.08	1604056861.09
1604056861.1	1604056861.15
1604056861.16	1604056861.29
1604056861.3	1604056861.38
1604056861.38	1604056861.4
1604056861.4	1604056861.5
1604056861.5	1604056861.51
1604056861.52	1604056861.69
1604056861.7	1604056861.75
1604056861.76	1604056861.83
1604056861.83	1604056861.84
1604056861.85	1604056861.9
1604056861.91	1604056861.92
1604056861.92	1604056861.93
1604056861.93	1604056861.94
1604056861.95	1604056862.0
1604056862.01	1604056862.07
1604056862.08	1604056862.09
1604056862.1	1604056862.17
1604056862.17	1604056862.28
1604056862.29	1604056862.3
1604056862.3	1604056862.35
1604056862.35	1604056862.36
1604056862.37	1604056862.38
1604056862.39	1604056862.49
1604056862.5	1604056862.51
1604056862.52	1604056862.53
1604056862.54	1604056862.57
1604056862.57	1604056862.62
1604056862.62	1604056862.71
1604056862.72	1604056862.73
1604056862.73	1604056862.77
1604056862.77	1604056862.92
1604056862.92	1604056862.94
1604056862.94	1604056862.99
1604056862.99	1604056863.03
1604056863.04	1604056863.1
1604056863.1	1604056863.13
1604056863.13	1604056863.2
1604056863.21	1604056863.23
1604056863.24	1604056863.27
1604056863.27	1604056863.31
1604056863.31	1604056863.32
1604056863.33	1604056863.36
1604056863.37	1604056863.38
1604056863.38	1604056863.4
1604056863.41	1604056863.42
1604056863.42	1604056863.52
1604056863.52	1604056863.54
1604056863.55	1604056863.6
1604056863.6	1604056863.61
1604056863.62	1604056863.63
1604056863.64	1604056863.68
1604056863.69	1604056863.71
1604056863.72	1604056863.79
1604056863.8	1604056863.86
1604056863.89	1604056863.89
1604056863.89	1604056863.91
1604056863.92	1604056863.92
1604056863.93	1604056863.94
1604056863.94	1604056863.95
1604056863.96	1604056863.98
1604056863.98	1604056864.0
1604056864.01	1604056864.04
1604056864.04	1604056864.08
1604056864.09	1604056864.11
1604056864.11	1604056864.18
1604056864.19	1604056864.2
1604056864.2	1604056864.34
1604056864.35	1604056864.4
1604056864.4	1604056864.45
1604056864.46	1604056864.47
1604056864.48	1604056864.54
1604056864.54	1604056864.57
1604056864.58	1604056864.63
1604056864.63	1604056864.65
1604056864.66	1604056864.67
1604056864.68	1604056864.7
1604056864.7	1604056864.75
1604056864.76	1604056864.76
1604056864.77	1604056864.79
1604056864.8	1604056864.81
1604056864.81	1604056864.9
1604056864.9	1604056864.97
1604056864.98	1604056864.98
1604056864.99	1604056865.05
1604056865.05	1604056865.07
1604056865.08	1604056865.25
1604056865.25	1604056865.27
1604056865.28	1604056865.33
1604056865.34	1604056865.4
1604056865.41	1604056865.44
1604056865.44	1604056865.45
1604056865.46	1604056865.49
1604056865.5	1604056865.54
1604056865.55	1604056865.64
1604056865.65	1604056865.77
1604056865.77	1604056865.82
1604056865.82	1604056865.93
1604056865.93	1604056866.06
1604056866.06	1604056866.09
1604056866.1	1604056866.1
1604056866.11	1604056866.15
1604056866.15	1604056866.19
1604056866.2	1604056866.2
1604056866.21	1604056866.28
1604056866.29	1604056866.33
1604056866.33	1604056866.4
1604056866.41	1604056866.51
1604056866.51	1604056866.52
1604056866.53	1604056866.54
1604056866.54	1604056866.62
1604056866.62	1604056866.67
1604056866.68	1604056866.7
1604056866.7	1604056866.72
1604056866.73	1604056866.79
1604056866.8	1604056866.86
1604056866.87	1604056866.88
1604056866.89	1604056866.96
1604056866.97	1604056867.0
1604056867.01	1604056867.05
1604056867.06	1604056867.07
1604056867.07	1604056867.08
1604056867.09	1604056867.1
1604056867.1	1604056867.12
1604056867.13	1604056867.16
1604056867.17	1604056867.22
1604056867.23	1604056867.26
1604056867.26	1604056867.27
1604056867.27	1604056867.34
1604056867.34	1604056867.41
1604056867.42	1604056867.47
1604056867.47	1604056867.51
1604056867.52	1604056867.52
1604056867.53	1604056867.55
1604056867.56	1604056867.59
1604056867.6	1604056867.61
1604056867.62	1604056867.67
1604056867.67	1604056867.72
1604056867.72	1604056867.84
1604056867.85	1604056867.87
1604056867.88	1604056867.9
1604056867.91	1604056867.92
1604056867.93	1604056868.0
1604056868.01	1604056868.03
1604056868.03	1604056868.04
1604056868.05	1604056868.15
1604056868.16	1604056868.2
1604056868.2	1604056868.25
1604056868.26	1604056868.29
1604056868.3	1604056868.31
1604056868.32	1604056868.42
1604056868.43	1604056868.45
1604056868.46	1604056868.47
1604056868.47	1604056868.55
1604056868.55	1604056868.69
1604056868.69	1604056868.7
1604056868.71	1604056868.78
1604056868.79	1604056868.87
1604056868.87	1604056868.91
1604056868.92	1604056868.98
1604056868.99	1604056869.02
1604056869.03	1604056869.03
1604056869.04	1604056869.05
1604056869.06	1604056869.07
1604056869.07	1604056869.18
1604056869.18	1604056869.2
1604056869.2	1604056869.22
1604056869.23	1604056869.24
1604056869.25	1604056869.31
1604056869.31	1604056869.35
1604056869.36	1604056869.39
1604056869.39	1604056869.41
1604056869.42	1604056869.46
1604056869.46	1604056869.55
1604056869.56	1604056869.57
1604056869.58	1604056869.6
1604056869.6	1604056869.67
1604056869.67	1604056869.74
1604056869.74	1604056869.82
1604056869.83	1604056869.84
1604056869.85	1604056869.9
1604056869.91	1604056869.92
1604056869.92	1604056869.98
1604056869.99	1604056870.04
1604056870.04	1604056870.1
1604056870.11	1604056870.15
1604056870.16	1604056870.16
1604056870.17	1604056870.31
1604056870.31	1604056870.37
1604056870.38	1604056870.39
1604056870.39	1604056870.4
1604056870.4	1604056870.52
1604056870.53	1604056870.61
1604056870.61	1604056870.62
1604056870.63	1604056870.67
1604056870.68	1604056870.69
1604056870.69	1604056870.7
1604056870.7	1604056870.75
1604056870.75	1604056870.78
1604056870.79	1604056870.84
1604056870.84	1604056870.88
1604056870.89	1604056870.95
1604056870.95	1604056870.96
1604056870.97	1604056871.02
1604056871.02	1604056871.05
1604056871.06	1604056871.08
1604056871.09	1604056871.1
1604056871.11	1604056871.13
1604056871.13	1604056871.15
1604056871.15	1604056871.2
1604056871.21	1604056871.24
1604056871.25	1604056871.28
1604056871.29	1604056871.32
1604056871.33	1604056871.34
1604056871.34	1604056871.36
1604056871.37	1604056871.55
1604056871.56	1604056871.62
1604056871.63	1604056871.7
1604056871.71	1604056871.71
1604056871.72	1604056871.79
1604056871.8	1604056871.82
1604056871.83	1604056871.93
1604056871.94	1604056871.97
1604056871.98	1604056871.99
1604056872.0	1604056872.02
1604056872.02	1604056872.11
1604056872.12	1604056872.19
1604056872.2	1604056872.27
1604056872.28	1604056872.32
1604056872.32	1604056872.33
1604056872.34	1604056872.35
1604056872.36	1604056872.37
1604056872.38	1604056872.45
1604056872.46	1604056872.48
1604056872.49	1604056872.49
1604056872.5	1604056872.56
1604056872.56	1604056872.57
1604056872.57	1604056872.58
1604056872.59	1604056872.64
1604056872.65	1604056872.65
1604056872.66	1604056872.67
1604056872.68	1604056872.71
1604056872.72	1604056872.8
1604056872.81	1604056872.86
1604056872.87	1604056872.9
1604056872.9	1604056872.93
1604056872.93	1604056872.94
1604056872.95	1604056872.98
1604056872.99	1604056873.04
1604056873.05	1604056873.06
1604056873.06	1604056873.1
1604056873.11	1604056873.16
1604056873.17	1604056873.23
1604056873.24	1604056873.37
1604056873.38	1604056873.4
1604056873.41	1604056873.47
1604056873.47	1604056873.53
1604056873.53	1604056873.56
1604056873.57	1604056873.59
1604056873.6	1604056873.61
1604056873.61	1604056873.65
1604056873.66	1604056873.67
1604056873.68	1604056873.75
1604056873.76	1604056873.81
1604056873.81	1604056873.82
1604056873.83	1604056873.94
1604056873.97	1604056874.0
1604056874.01	1604056874.02
1604056874.02	1604056874.03
1604056874.04	1604056874.04
1604056874.05	1604056874.11
1604056874.11	1604056874.12
1604056874.13	1604056874.14
1604056874.15	1604056874.22
1604056874.22	1604056874.23
1604056874.24	1604056874.26
1604056874.27	1604056874.37
1604056874.37	1604056874.44
1604056874.45	1604056874.49
1604056874.5	1604056874.58
1604056874.58	1604056874.67
1604056874.68	1604056874.75
1604056874.76	1604056874.78
1604056874.79	1604056874.81
1604056874.82	1604056874.83
1604056874.83	1604056874.85
1604056874.86	1604056874.89
1604056874.89	1604056874.92
1604056874.93	1604056874.95
1604056874.95	1604056874.96
1604056874.97	1604056874.97
1604056874.98	1604056875.0
1604056875.01	1604056875.08
1604056875.08	1604056875.1
1604056875.11	1604056875.12
1604056875.12	1604056875.13
1604056875.14	1604056875.16
1604056875.16	1604056875.23
1604056875.24	1604056875.26
1604056875.26	1604056875.28
1604056875.28	1604056875.3
1604056875.31	1604056875.32
1604056875.32	1604056875.34
1604056875.34	1604056875.36
1604056875.37	1604056875.38
1604056875.38	1604056875.48
1604056875.49	1604056875.53
1604056875.54	1604056875.55
1604056875.55	1604056875.56
1604056875.57	1604056875.61
1604056875.61	1604056875.66
1604056875.67	1604056875.68
1604056875.69	1604056875.76
1604056875.77	1604056875.81
1604056875.81	1604056875.89
1604056875.9	1604056875.97
1604056875.98	1604056876.04
1604056876.05	1604056876.05
1604056876.06	1604056876.11
1604056876.12	1604056876.13
1604056876.13	1604056876.15
1604056876.16	1604056876.23
1604056876.23	1604056876.24
1604056876.25	1604056876.28
1604056876.28	1604056876.29
1604056876.29	1604056876.41
1604056876.41	1604056876.48
1604056876.48	1604056876.49
1604056876.49	1604056876.61
1604056876.62	1604056876.63
1604056876.63	1604056876.69
1604056876.69	1604056876.73
1604056876.74	1604056876.76
1604056876.77	1604056876.8
1604056876.8	1604056876.94
1604056876.94	1604056876.96
1604056876.96	1604056876.97
1604056876.98	1604056877.04
1604056877.04	1604056877.05
1604056877.06	1604056877.08
1604056877.08	1604056877.1
1604056877.11	1604056877.11
1604056877.12	1604056877.17
1604056877.17	1604056877.18
1604056877.19	1604056877.29
1604056877.29	1604056877.31
1604056877.32	1604056877.35
1604056877.35	1604056877.45
1604056877.45	1604056877.55
1604056877.55	1604056877.56
1604056877.56	1604056877.57
1604056877.58	1604056877.76
1604056877.77	1604056877.82
1604056877.82	1604056877.9
1604056877.91	1604056878.0
1604056878.01	1604056878.01
1604056878.02	1604056878.03
1604056878.05	1604056878.06
1604056878.06	1604056878.1
1604056878.11	1604056878.14
1604056878.14	1604056878.15
1604056878.16	1604056878.18
1604056878.19	1604056878.19
1604056878.2	1604056878.32
1604056878.32	1604056878.33
1604056878.34	1604056878.37
1604056878.37	1604056878.38
1604056878.38	1604056878.44
1604056878.45	1604056878.45
1604056878.46	1604056878.55
1604056878.56	1604056878.66
1604056878.67	1604056878.72
1604056878.73	1604056878.77
1604056878.78	1604056878.79
1604056878.79	1604056878.82
1604056878.82	1604056878.83
1604056878.83	1604056878.85
1604056878.85	1604056878.87
1604056878.88	1604056878.88
1604056878.89	1604056878.9
1604056878.9	1604056878.95
1604056878.96	1604056878.97
1604056878.98	1604056879.14
1604056879.14	1604056879.23
1604056879.24	1604056879.25
1604056879.25	1604056879.26
1604056879.27	1604056879.27
1604056879.28	1604056879.34
1604056879.35	1604056879.36
1604056879.37	1604056879.46
1604056879.46	1604056879.47
1604056879.48	1604056879.49
1604056879.49	1604056879.52
1604056879.53	1604056879.56
1604056879.57	1604056879.58
1604056879.59	1604056879.59
1604056879.6	1604056879.61
1604056879.62	1604056879.63
1604056879.63	1604056879.66
1604056879.67	1604056879.7
1604056879.7	1604056879.71
1604056879.72	1604056879.74
1604056879.75	1604056879.83
1604056879.83	1604056879.87
1604056879.88	1604056879.9
1604056879.9	1604056879.91
1604056879.92	1604056879.98
1604056879.99	1604056879.99
1604056880.0	1604056880.03
1604056880.03	1604056880.04
1604056880.05	1604056880.15
1604056880.16	1604056880.16
1604056880.17	1604056880.22
1604056880.22	1604056880.27
1604056880.28	1604056880.29
1604056880.29	1604056880.34
1604056880.34	1604056880.36
1604056880.37	1604056880.4
1604056880.41	1604056880.44
1604056880.45	1604056880.61
1604056880.61	1604056880.62
1604056880.63	1604056880.76
1604056880.76	1604056880.78
1604056880.78	1604056880.8
1604056880.8	1604056880.88
1604056880.88	1604056880.93
1604056880.94	1604056880.98
1604056880.98	1604056880.99
1604056881.0	1604056881.11
1604056881.12	1604056881.2
1604056881.2	1604056881.24
1604056881.25	1604056881.26
1604056881.27	1604056881.3
1604056881.31	1604056881.32
1604056881.33	1604056881.34
1604056881.35	1604056881.35
1604056881.36	1604056881.36
1604056881.37	1604056881.68
1604056881.68	1604056881.72
1604056881.73	1604056881.74
1604056881.75	1604056881.8
1604056881.8	1604056881.89
1604056881.89	1604056881.93
1604056881.93	1604056881.94
1604056881.95	1604056881.97
1604056881.97	1604056881.99
1604056881.99	1604056882.03
1604056882.04	1604056882.08
1604056882.09	1604056882.13
1604056882.13	1604056882.14
1604056882.14	1604056882.15
1604056882.16	1604056882.17
1604056882.18	1604056882.23
1604056882.24	1604056882.35
1604056882.35	1604056882.36
1604056882.36	1604056882.39
1604056882.4	1604056882.43
1604056882.44	1604056882.5
1604056882.5	1604056882.55
1604056882.55	1604056882.59
1604056882.6	1604056882.61
1604056882.62	1604056882.63
1604056882.63	1604056882.66
1604056882.67	1604056882.72
1604056882.72	1604056882.74
1604056882.75	1604056882.77
1604056882.78	1604056882.83
1604056882.84	1604056882.88
1604056882.88	1604056882.9
1604056882.91	1604056882.96
1604056882.97	1604056882.97
1604056882.98	1604056882.99
1604056883.0	1604056883.02
1604056883.03	1604056883.04
1604056883.05	1604056883.1
1604056883.1	1604056883.11
1604056883.12	1604056883.13
1604056883.13	1604056883.2
1604056883.2	1604056883.21
1604056883.22	1604056883.34
1604056883.34	1604056883.35
1604056883.36	1604056883.38
1604056883.39	1604056883.44
1604056883.45	1604056883.48
1604056883.49	1604056883.52
1604056883.53	1604056883.54
1604056883.54	1604056883.56
1604056883.57	1604056883.68
1604056883.68	1604056883.71
1604056883.71	1604056883.74
1604056883.74	1604056883.76
1604056883.76	1604056883.81
1604056883.81	1604056883.82
1604056883.83	1604056883.83
1604056883.84	1604056883.87
1604056883.87	1604056883.88
1604056883.89	1604056883.95
1604056883.98	1604056883.98
1604056883.99	1604056884.0
1604056884.01	1604056884.02
1604056884.02	1604056884.05
1604056884.06	1604056884.12
1604056884.12	1604056884.13
1604056884.13	1604056884.16
1604056884.17	1604056884.18
1604056884.19	1604056884.21
1604056884.22	1604056884.3
1604056884.3	1604056884.36
1604056884.37	1604056884.39
1604056884.39	1604056884.42
1604056884.42	1604056884.43
1604056884.44	1604056884.52
1604056884.53	1604056884.54
1604056884.55	1604056884.56
1604056884.56	1604056884.64
1604056884.65	1604056884.74
1604056884.74	1604056884.79
1604056884.8	1604056884.84
1604056884.84	1604056884.9
1604056884.91	1604056884.93
1604056884.94	1604056884.95
1604056884.95	1604056884.97
1604056884.97	1604056885.06
1604056885.07	1604056885.08
1604056885.08	1604056885.09
1604056885.1	1604056885.11
1604056885.11	1604056885.13
1604056885.13	1604056885.19
1604056885.2	1604056885.27
1604056885.27	1604056885.28
1604056885.29	1604056885.29
1604056885.29	1604056885.35
1604056885.35	1604056885.36
1604056885.37	1604056885.41
1604056885.42	1604056885.45
1604056885.46	1604056885.67
1604056885.67	1604056885.71
1604056885.72	1604056885.72
1604056885.73	1604056885.74
1604056885.75	1604056885.77
1604056885.78	1604056885.8
1604056885.8	1604056885.82
1604056885.82	1604056885.88
1604056885.88	1604056885.89
1604056885.9	1604056885.9
1604056885.91	1604056885.92
1604056885.93	1604056885.94
1604056885.94	1604056885.98
1604056885.98	1604056886.01
1604056886.01	1604056886.05
1604056886.05	1604056886.07
1604056886.07	1604056886.08
1604056886.09	1604056886.09
1604056886.1	1604056886.16
1604056886.17	1604056886.23
1604056886.24	1604056886.24
1604056886.25	1604056886.34
1604056886.35	1604056886.36
1604056886.36	1604056886.37
1604056886.38	1604056886.42
1604056886.42	1604056886.43
1604056886.44	1604056886.45
1604056886.46	1604056886.47
1604056886.48	1604056886.49
1604056886.5	1604056886.51
1604056886.51	1604056886.53
1604056886.54	1604056886.62
1604056886.62	1604056886.65
1604056886.66	1604056886.66
1604056886.67	1604056886.68
1604056886.68	1604056886.73
1604056886.74	1604056886.83
1604056886.83	1604056886.86
1604056886.86	1604056886.92
1604056886.93	1604056886.97
1604056886.98	1604056887.07
1604056887.07	1604056887.08
1604056887.09	1604056887.16
1604056887.16	1604056887.17
1604056887.18	1604056887.19
1604056887.2	1604056887.3
1604056887.31	1604056887.33
1604056887.33	1604056887.39
1604056887.4	1604056887.41
1604056887.41	1604056887.42
1604056887.42	1604056887.43
1604056887.44	1604056887.53
1604056887.54	1604056887.62
1604056887.63	1604056887.64
1604056887.65	1604056887.66
1604056887.67	1604056887.73
1604056887.74	1604056887.78
1604056887.79	1604056887.85
1604056887.85	1604056887.9
1604056887.9	1604056887.93
1604056887.93	1604056887.94
1604056887.95	1604056888.05
1604056888.06	1604056888.14
1604056888.15	1604056888.19
1604056888.19	1604056888.29
1604056888.3	1604056888.35
1604056888.36	1604056888.38
1604056888.39	1604056888.43
1604056888.43	1604056888.56
1604056888.56	1604056888.63
1604056888.63	1604056888.67
1604056888.67	1604056888.69
1604056888.69	1604056888.71
1604056888.72	1604056888.75
1604056888.76	1604056888.79
1604056888.8	1604056888.84
1604056888.85	1604056888.89
1604056888.9	1604056888.93
1604056888.93	1604056888.95
1604056888.95	1604056888.98
1604056888.99	1604056889.0
1604056889.0	1604056889.03
1604056889.04	1604056889.08
1604056889.08	1604056889.09
1604056889.1	1604056889.15
1604056889.16	1604056889.22
1604056889.23	1604056889.27
1604056889.27	1604056889.36
1604056889.37	1604056889.39
1604056889.4	1604056889.51
1604056889.51	1604056889.58
1604056889.59	1604056889.59
1604056889.6	1604056889.64
1604056889.65	1604056889.7
1604056889.7	1604056889.72
1604056889.73	1604056889.75
1604056889.76	1604056889.78
1604056889.78	1604056889.81
1604056889.82	1604056889.84
1604056889.85	1604056889.86
1604056889.87	1604056889.87
1604056889.88	1604056889.89
1604056889.89	1604056889.98
1604056889.98	1604056890.06
1604056890.06	1604056890.07
1604056890.08	1604056890.15
1604056890.16	1604056890.2
1604056890.21	1604056890.22
1604056890.23	1604056890.34
1604056890.34	1604056890.42
1604056890.43	1604056890.45
1604056890.46	1604056890.5
1604056890.51	1604056890.57
1604056890.58	1604056890.64
1604056890.65	1604056890.66
1604056890.66	1604056890.67
1604056890.68	1604056890.73
1604056890.74	1604056890.75
1604056890.75	1604056890.84
1604056890.84	1604056890.87
1604056890.88	1604056890.88
1604056890.89	1604056890.92
1604056890.93	1604056890.94
1604056890.94	1604056890.95
1604056890.96	1604056891.0
1604056891.01	1604056891.02
1604056891.03	1604056891.08
1604056891.08	1604056891.15
1604056891.15	1604056891.17
1604056891.18	1604056891.19
1604056891.2	1604056891.22
1604056891.23	1604056891.29
1604056891.29	1604056891.31
1604056891.31	1604056891.32
1604056891.33	1604056891.34
1604056891.34	1604056891.43
1604056891.44	1604056891.55
1604056891.56	1604056891.56
1604056891.57	1604056891.58
1604056891.58	1604056891.62
1604056891.63	1604056891.68
1604056891.69	1604056891.86
1604056891.87	1604056891.88
1604056891.89	1604056891.92
1604056891.93	1604056891.95
1604056891.96	1604056891.99
1604056892.0	1604056892.01
1604056892.01	1604056892.17
1604056892.17	1604056892.19
1604056892.19	1604056892.3
1604056892.31	1604056892.4
1604056892.41	1604056892.46
1604056892.47	1604056892.48
1604056892.48	1604056892.54
1604056892.54	1604056892.55
1604056892.56	1604056892.58
1604056892.59	1604056892.6
1604056892.6	1604056892.63
1604056892.63	1604056892.67
1604056892.68	1604056892.74
1604056892.75	1604056892.76
1604056892.76	1604056892.76
1604056892.77	1604056892.82
1604056892.82	1604056892.83
1604056892.84	1604056892.85
1604056892.85	1604056892.86
1604056892.87	1604056892.92
1604056892.92	1604056893.0
1604056893.01	1604056893.06
1604056893.07	1604056893.09
1604056893.09	1604056893.11
1604056893.12	1604056893.13
1604056893.14	1604056893.19
1604056893.2	1604056893.35
1604056893.35	1604056893.38
1604056893.39	1604056893.42
1604056893.43	1604056893.46
1604056893.47	1604056893.6
1604056893.6	1604056893.61
1604056893.62	1604056893.63
1604056893.64	1604056893.67
1604056893.68	1604056893.75
1604056893.76	1604056893.85
1604056893.85	1604056893.87
1604056893.87	1604056893.95
1604056893.95	1604056893.96
1604056893.97	1604056894.05
1604056894.05	1604056894.19
1604056894.19	1604056894.33
1604056894.33	1604056894.37
1604056894.38	1604056894.46
1604056894.46	1604056894.52
1604056894.52	1604056894.53
1604056894.54	1604056894.57
1604056894.58	1604056894.6
1604056894.6	1604056894.64
1604056894.65	1604056894.65
1604056894.66	1604056894.67
1604056894.67	1604056894.7
1604056894.71	1604056894.82
1604056894.82	1604056894.86
1604056894.87	1604056895.04
1604056895.05	1604056895.1
1604056895.11	1604056895.14
1604056895.15	1604056895.16
1604056895.17	1604056895.29
1604056895.29	1604056895.31
1604056895.31	1604056895.46
1604056895.47	1604056895.48
1604056895.48	1604056895.53
1604056895.54	1604056895.54
1604056895.55	1604056895.57
1604056895.58	1604056895.59
1604056895.59	1604056895.61
1604056895.62	1604056895.62
1604056895.63	1604056895.64
1604056895.65	1604056895.67
1604056895.67	1604056895.68
1604056895.69	1604056895.74
1604056895.75	1604056895.8
1604056895.8	1604056895.82
1604056895.82	1604056895.83
1604056895.84	1604056895.85
1604056895.85	1604056895.89
1604056895.9	1604056895.9
1604056895.91	1604056895.95
1604056895.96	1604056895.99
1604056895.99	1604056896.01
1604056896.01	1604056896.09
1604056896.1	1604056896.13
1604056896.13	1604056896.16
1604056896.16	1604056896.17
1604056896.17	1604056896.24
1604056896.24	1604056896.32
1604056896.32	1604056896.38
1604056896.39	1604056896.42
1604056896.42	1604056896.44
1604056896.45	1604056896.46
1604056896.46	1604056896.48
1604056896.48	1604056896.52
1604056896.53	1604056896.56
1604056896.56	1604056896.6
1604056896.61	1604056896.62
1604056896.62	1604056896.63
1604056896.63	1604056896.68
1604056896.69	1604056896.75
1604056896.75	1604056896.79
1604056896.8	1604056896.81
1604056896.82	1604056896.88
1604056896.89	1604056896.92
1604056896.92	1604056896.98
1604056896.99	1604056897.02
1604056897.03	1604056897.03
1604056897.04	1604056897.11
1604056897.12	1604056897.18
1604056897.18	1604056897.2
1604056897.2	1604056897.22
1604056897.22	1604056897.27
1604056897.27	1604056897.29
1604056897.29	1604056897.31
1604056897.31	1604056897.32
1604056897.33	1604056897.4
1604056897.4	1604056897.42
1604056897.43	1604056897.44
1604056897.45	1604056897.46
1604056897.47	1604056897.47
1604056897.48	1604056897.54
1604056897.55	1604056897.56
1604056897.57	1604056897.57
1604056897.58	1604056897.6
1604056897.6	1604056897.63
1604056897.64	1604056897.73
1604056897.74	1604056897.81
1604056897.82	1604056897.89
1604056897.89	1604056897.91
1604056897.92	1604056897.93
1604056897.94	1604056897.95
1604056897.95	1604056898.0
1604056898.01	1604056898.02
1604056898.03	1604056898.05
1604056898.06	1604056898.1
1604056898.1	1604056898.11
1604056898.12	1604056898.17
1604056898.18	1604056898.18
1604056898.19	1604056898.21
1604056898.22	1604056898.23
1604056898.23	1604056898.31
1604056898.32	1604056898.37
1604056898.38	1604056898.45
1604056898.45	1604056898.47
1604056898.48	1604056898.56
1604056898.56	1604056898.57
1604056898.58	1604056898.59
1604056898.59	1604056898.65
1604056898.66	1604056898.66
1604056898.67	1604056898.73
1604056898.74	1604056898.88
1604056898.88	1604056898.89
1604056898.9	1604056898.9
1604056898.91	1604056898.93
1604056898.94	1604056899.02
1604056899.02	1604056899.03
1604056899.04	1604056899.05
1604056899.05	1604056899.07
1604056899.08	1604056899.13
1604056899.14	1604056899.2
1604056899.21	1604056899.24
1604056899.24	1604056899.28
1604056899.29	1604056899.33
1604056899.33	1604056899.37
1604056899.38	1604056899.38
1604056899.39	1604056899.42
1604056899.43	1604056899.45
1604056899.45	1604056899.49
1604056899.5	1604056899.53
1604056899.53	1604056899.55
1604056899.56	1604056899.6
1604056899.6	1604056899.64
1604056899.64	1604056899.65
1604056899.66	1604056899.67
1604056899.68	1604056899.69
1604056899.7	1604056899.72
1604056899.73	1604056899.75
1604056899.76	1604056899.85
1604056899.85	1604056899.89
1604056899.89	1604056899.9
1604056899.91	1604056899.91
1604056899.92	1604056899.96
1604056899.97	1604056900.0
1604056900.0	1604056900.02
1604056900.02	1604056900.04
1604056900.04	1604056900.06
1604056900.07	1604056900.09
1604056900.1	1604056900.13
1604056900.13	1604056900.14
1604056900.14	1604056900.28
1604056900.29	1604056900.31
1604056900.31	1604056900.33
1604056900.33	1604056900.44
1604056900.44	1604056900.45
1604056900.46	1604056900.48
1604056900.49	1604056900.5
1604056900.5	1604056900.52
1604056900.52	1604056900.53
1604056900.53	1604056900.56
1604056900.57	1604056900.58
1604056900.58	1604056900.6
1604056900.6	1604056900.63
1604056900.64	1604056900.65
1604056900.65	1604056900.66
1604056900.67	1604056900.72
1604056900.73	1604056900.74
1604056900.75	1604056900.78
1604056900.79	1604056900.89
1604056900.89	1604056900.91
1604056900.91	1604056901.05
1604056901.06	1604056901.07
1604056901.07	1604056901.09
1604056901.09	1604056901.12
1604056901.13	1604056901.17
1604056901.17	1604056901.18
1604056901.19	1604056901.22
1604056901.22	1604056901.23
1604056901.24	1604056901.31
1604056901.32	1604056901.33
1604056901.34	1604056901.35
1604056901.36	1604056901.47
1604056901.48	1604056901.51
1604056901.52	1604056901.64
1604056901.65	1604056901.66
1604056901.66	1604056901.69
1604056901.7	1604056901.74
1604056901.75	1604056901.88
1604056901.89	1604056901.89
1604056901.9	1604056902.02
1604056902.03	1604056902.04
1604056902.06	1604056902.14
1604056902.15	1604056902.15
1604056902.16	1604056902.16
1604056902.17	1604056902.19
1604056902.2	1604056902.23
1604056902.24	1604056902.29
1604056902.29	1604056902.37
1604056902.38	1604056902.38
1604056902.39	1604056902.41
1604056902.42	1604056902.44
1604056902.44	1604056902.46
1604056902.46	1604056902.47
1604056902.48	1604056902.49
1604056902.5	1604056902.52
1604056902.52	1604056902.57
1604056902.58	1604056902.58
1604056902.59	1604056902.62
1604056902.62	1604056902.63
1604056902.64	1604056902.77
1604056902.78	1604056902.79
1604056902.8	1604056902.83
1604056902.84	1604056902.85
1604056902.85	1604056902.9
1604056902.9	1604056902.92
1604056902.92	1604056902.93
1604056902.94	1604056902.96
1604056902.97	1604056903.07
1604056903.07	1604056903.09
1604056903.1	1604056903.19
1604056903.19	1604056903.21
1604056903.21	1604056903.25
1604056903.26	1604056903.28
1604056903.28	1604056903.29
1604056903.29	1604056903.36
1604056903.36	1604056903.42
1604056903.43	1604056903.48
1604056903.49	1604056903.54
1604056903.55	1604056903.56
1604056903.56	1604056903.66
1604056903.66	1604056903.68
1604056903.69	1604056903.71
1604056903.71	1604056903.77
1604056903.77	1604056903.8
1604056903.8	1604056903.81
1604056903.81	1604056903.82
1604056903.83	1604056903.84
1604056903.84	1604056903.98
1604056904.01	1604056904.05
1604056904.06	1604056904.11
1604056904.11	1604056904.2
1604056904.21	1604056904.27
1604056904.28	1604056904.35
1604056904.35	1604056904.36
1604056904.37	1604056904.4
1604056904.4	1604056904.57
1604056904.57	1604056904.58
1604056904.59	1604056904.61
1604056904.62	1604056904.65
1604056904.66	1604056904.68
1604056904.69	1604056904.71
1604056904.72	1604056904.72
1604056904.73	1604056904.75
1604056904.76	1604056904.77
1604056904.78	1604056904.8
1604056904.81	1604056904.84
1604056904.85	1604056904.91
1604056904.92	1604056904.94
1604056904.95	1604056905.01
1604056905.02	1604056905.08
1604056905.08	1604056905.1
1604056905.11	1604056905.12
1604056905.12	1604056905.17
1604056905.17	1604056905.25
1604056905.26	1604056905.28
1604056905.28	1604056905.29
1604056905.3	1604056905.35
1604056905.35	1604056905.39
1604056905.39	1604056905.42
1604056905.43	1604056905.44
1604056905.44	1604056905.48
1604056905.49	1604056905.54
1604056905.54	1604056905.57
1604056905.57	1604056905.61
1604056905.61	1604056905.65
1604056905.65	1604056905.67
1604056905.67	1604056905.69
1604056905.7	1604056905.71
1604056905.71	1604056905.75
1604056905.76	1604056905.77
1604056905.77	1604056905.79
1604056905.79	1604056905.83
1604056905.83	1604056905.91
1604056905.92	1604056905.95
1604056905.96	1604056906.11
1604056906.11	1604056906.14
1604056906.15	1604056906.33
1604056906.34	1604056906.34
1604056906.35	1604056906.4
1604056906.4	1604056906.47
1604056906.47	1604056906.53
1604056906.53	1604056906.56
1604056906.56	1604056906.63
1604056906.63	1604056906.78
1604056906.79	1604056906.8
1604056906.8	1604056906.82
1604056906.83	1604056906.87
1604056906.88	1604056906.89
1604056906.89	1604056906.9
1604056906.91	1604056906.98
1604056906.99	1604056907.01
1604056907.02	1604056907.06
1604056907.07	1604056907.1
1604056907.1	1604056907.11
1604056907.12	1604056907.21
1604056907.22	1604056907.24
1604056907.24	1604056907.27
1604056907.28	1604056907.29
1604056907.29	1604056907.31
1604056907.31	1604056907.32
1604056907.33	1604056907.44
1604056907.45	1604056907.46
1604056907.46	1604056907.53
1604056907.53	1604056907.55
1604056907.56	1604056907.64
1604056907.64	1604056907.71
1604056907.71	1604056907.76
1604056907.77	1604056907.84
1604056907.85	1604056907.88
1604056907.89	1604056907.93
1604056907.93	1604056908.07
1604056908.07	1604056908.12
1604056908.13	1604056908.14
1604056908.15	1604056908.17
1604056908.17	1604056908.22
1604056908.22	1604056908.23
1604056908.23	1604056908.33
1604056908.34	1604056908.34
1604056908.35	1604056908.37
1604056908.38	1604056908.41
1604056908.42	1604056908.45
1604056908.46	1604056908.47
1604056908.47	1604056908.5
1604056908.51	1604056908.58
1604056908.59	1604056908.59
1604056908.6	1604056908.61
1604056908.62	1604056908.68
1604056908.69	1604056908.8
1604056908.8	1604056908.81
1604056908.81	1604056908.84
1604056908.85	1604056908.98
1604056908.99	1604056909.01
1604056909.01	1604056909.02
1604056909.03	1604056909.04
1604056909.04	1604056909.05
1604056909.06	1604056909.07
1604056909.08	1604056909.08
1604056909.09	1604056909.1
1604056909.11	1604056909.12
1604056909.12	1604056909.14
1604056909.15	1604056909.23
1604056909.24	1604056909.33
1604056909.34	1604056909.34
1604056909.35	1604056909.38
1604056909.38	1604056909.39
1604056909.4	1604056909.43
1604056909.44	1604056909.49
1604056909.5	1604056909.53
1604056909.54	1604056909.54
1604056909.55	1604056909.59
1604056909.6	1604056909.61
1604056909.62	1604056909.63
1604056909.64	1604056909.67
1604056909.67	1604056909.69
1604056909.69	1604056909.74
1604056909.75	1604056909.76
1604056909.76	1604056909.78
1604056909.78	1604056909.79
1604056909.8	1604056909.82
1604056909.83	1604056909.84
1604056909.85	1604056909.89
1604056909.9	1604056909.91
1604056909.92	1604056910.0
1604056910.0	1604056910.02
1604056910.03	1604056910.06
1604056910.06	1604056910.14
1604056910.14	1604056910.17
1604056910.17	1604056910.21
1604056910.22	1604056910.26
1604056910.26	1604056910.27
1604056910.28	1604056910.41
1604056910.41	1604056910.44
1604056910.44	1604056910.51
1604056910.51	1604056910.52
1604056910.53	1604056910.53
1604056910.54	1604056910.58
1604056910.59	1604056910.64
1604056910.65	1604056910.67
1604056910.67	1604056910.69
1604056910.7	1604056910.76
1604056910.77	1604056910.78
1604056910.78	1604056910.82
1604056910.83	1604056910.85
1604056910.86	1604056910.86
1604056910.87	1604056910.88
1604056910.88	1604056910.9
1604056910.9	1604056910.94
1604056910.95	1604056911.01
1604056911.02	1604056911.08
1604056911.08	1604056911.11
1604056911.11	1604056911.28
1604056911.29	1604056911.39
1604056911.4	1604056911.41
1604056911.41	1604056911.42
1604056911.43	1604056911.54
1604056911.55	1604056911.57
1604056911.57	1604056911.6
1604056911.61	1604056911.65
1604056911.65	1604056911.72
1604056911.73	1604056911.78
1604056911.79	1604056911.82
1604056911.82	1604056911.83
1604056911.83	1604056911.87
1604056911.88	1604056911.89
1604056911.9	1604056911.93
1604056911.93	1604056911.98
1604056911.99	1604056912.0
1604056912.01	1604056912.01
1604056912.02	1604056912.04
1604056912.05	1604056912.09
1604056912.09	1604056912.17
1604056912.17	1604056912.22
1604056912.22	1604056912.23
1604056912.24	1604056912.26
1604056912.27	1604056912.34
1604056912.34	1604056912.35
1604056912.36	1604056912.38
1604056912.38	1604056912.39
1604056912.39	1604056912.45
1604056912.46	1604056912.58
1604056912.58	1604056912.69
1604056912.7	1604056912.71
1604056912.72	1604056912.85
1604056912.86	1604056912.87
1604056912.87	1604056912.89
1604056912.89	1604056912.9
1604056912.91	1604056913.09
1604056913.09	1604056913.11
1604056913.11	1604056913.16
1604056913.16	1604056913.23
1604056913.24	1604056913.24
1604056913.25	1604056913.28
1604056913.29	1604056913.3
1604056913.3	1604056913.33
1604056913.34	1604056913.36
1604056913.37	1604056913.37
1604056913.39	1604056913.39
1604056913.4	1604056913.41
1604056913.42	1604056913.43
1604056913.44	1604056913.45
1604056913.45	1604056913.52
1604056913.53	1604056913.6
