-4.241150082346221151e-01 -2.430000000000000071e+01 1.561480527225869785e+01
-3.769911184307751517e-01 -2.160000000000000142e+01 1.999620442380714991e+01
-3.298672286269282994e-01 -1.890000000000000213e+01 3.717372724738822143e+01
-2.827433388230813360e-01 -1.619999999999999574e+01 9.819832436606149884e+01
-2.356194490192344837e-01 -1.350000000000000000e+01 1.079329336083183534e+03
-1.884955592153875759e-01 -1.080000000000000071e+01 1.346088771134502531e+04
-1.727875959474386436e-01 -9.900000000000002132e+00 2.002453000198765585e+04
-1.570796326794896558e-01 -9.000000000000000000e+00 2.741207198266702835e+04
-1.413716694115406680e-01 -8.099999999999997868e+00 3.438428252684529434e+04
-1.256637061435917357e-01 -7.200000000000001066e+00 4.420079430058474099e+04
-1.099557428756427480e-01 -6.299999999999999822e+00 5.012566218860154913e+04
-9.424777960769378793e-02 -5.400000000000000355e+00 5.722697088118417014e+04
-7.853981633974482790e-02 -4.500000000000000000e+00 7.361436300312382809e+04
-6.283185307179586787e-02 -3.600000000000000533e+00 7.188469678894917888e+04
-4.712388980384689396e-02 -2.700000000000000178e+00 7.880703795202604670e+04
-3.141592653589793394e-02 -1.800000000000000266e+00 8.481004829164294642e+04
-1.570796326794896697e-02 -9.000000000000001332e-01 8.738118635291884129e+04
0.000000000000000000e+00 0.000000000000000000e+00 8.965974167963968648e+04
1.570796326794896697e-02 9.000000000000001332e-01 9.135108331368720974e+04
3.141592653589793394e-02 1.800000000000000266e+00 9.058426831900727120e+04
4.712388980384689396e-02 2.700000000000000178e+00 8.851689923762329272e+04
6.283185307179586787e-02 3.600000000000000533e+00 8.483083268908807077e+04
7.853981633974482790e-02 4.500000000000000000e+00 7.890099662064526638e+04
9.424777960769378793e-02 5.400000000000000355e+00 7.366723674520941859e+04
1.099557428756427480e-01 6.299999999999999822e+00 6.694759825092501706e+04
1.256637061435917357e-01 7.200000000000001066e+00 5.909447603942385467e+04
1.413716694115406680e-01 8.099999999999997868e+00 5.101419040153238893e+04
1.570796326794896558e-01 9.000000000000000000e+00 4.406062757021264406e+04
1.727875959474386436e-01 9.900000000000002132e+00 3.631536260770780791e+04
1.884955592153875759e-01 1.080000000000000071e+01 2.827498996603292471e+04
2.042035224833365636e-01 1.170000000000000107e+01 2.043452893753900571e+04
2.199114857512854959e-01 1.259999999999999964e+01 1.404684354956571951e+04
2.356194490192344837e-01 1.350000000000000000e+01 7.951708825947948753e+03
2.513274122871834715e-01 1.440000000000000213e+01 3.591586853384447750e+03
2.670353755551324038e-01 1.529999999999999893e+01 1.210399457077919578e+03
2.827433388230813360e-01 1.619999999999999574e+01 4.098273412427283802e+02
2.984513020910303793e-01 1.710000000000000142e+01 1.788613381512282956e+02
3.141592653589793116e-01 1.800000000000000000e+01 9.886707870982985469e+01
3.298672286269282994e-01 1.890000000000000213e+01 7.342897436166994396e+01
3.455751918948772872e-01 1.980000000000000426e+01 4.997136482672703295e+01
3.612831551628262194e-01 2.069999999999999929e+01 3.956898988468334011e+01
3.769911184307751517e-01 2.160000000000000142e+01 4.100257919403080109e+01
3.926990816987241395e-01 2.250000000000000000e+01 2.756905483013126457e+01
4.084070449666731273e-01 2.340000000000000213e+01 1.878530679449580987e+01
4.241150082346221151e-01 2.430000000000000071e+01 2.030083320455443996e+01
4.398229715025709918e-01 2.519999999999999929e+01 1.970464566603724776e+01
4.555309347705200351e-01 2.610000000000000142e+01 1.146130762580619944e+01
4.712388980384689674e-01 2.700000000000000000e+01 1.130875772739024221e+01
