-8.764248947208318441e+01 2.000000000000000000e+00
-8.676122044373937570e+01 1.000000000000000000e+00
-8.587995141539553856e+01 2.000000000000000000e+00
-8.499868238705172985e+01 3.000000000000000000e+00
-8.411741335870789271e+01 3.000000000000000000e+00
-8.323614433036406979e+01 5.000000000000000000e+00
-8.235487530202024686e+01 9.000000000000000000e+00
-8.147360627367640973e+01 1.000000000000000000e+01
-8.059233724533260101e+01 1.300000000000000000e+01
-7.971106821698876388e+01 7.000000000000000000e+00
-7.882979918864495517e+01 6.000000000000000000e+00
-7.794853016030111803e+01 1.300000000000000000e+01
-7.706726113195730932e+01 1.200000000000000000e+01
-7.618599210361347218e+01 1.400000000000000000e+01
-7.530472307526966347e+01 1.400000000000000000e+01
-7.442345404692582633e+01 9.000000000000000000e+00
-7.354218501858201762e+01 9.000000000000000000e+00
-7.266091599023818048e+01 1.400000000000000000e+01
-7.177964696189435756e+01 1.000000000000000000e+01
-7.089837793355053464e+01 1.500000000000000000e+01
-7.001710890520671171e+01 9.000000000000000000e+00
-6.913583987686288879e+01 1.100000000000000000e+01
-6.825457084851905165e+01 1.300000000000000000e+01
-6.737330182017524294e+01 1.300000000000000000e+01
-6.649203279183140580e+01 1.400000000000000000e+01
-6.561076376348759709e+01 9.000000000000000000e+00
-6.472949473514375995e+01 7.000000000000000000e+00
-6.384822570679994413e+01 9.000000000000000000e+00
-6.296695667845612121e+01 1.300000000000000000e+01
-6.208568765011229829e+01 1.200000000000000000e+01
-6.120441862176846826e+01 2.000000000000000000e+01
-6.032314959342464533e+01 1.700000000000000000e+01
-5.944188056508082241e+01 1.300000000000000000e+01
-5.856061153673699948e+01 1.500000000000000000e+01
-5.767934250839316945e+01 1.500000000000000000e+01
-5.679807348004934653e+01 1.400000000000000000e+01
-5.591680445170552360e+01 1.800000000000000000e+01
-5.503553542336170068e+01 2.100000000000000000e+01
-5.415426639501787776e+01 1.600000000000000000e+01
-5.327299736667405483e+01 2.200000000000000000e+01
-5.239172833833023191e+01 2.200000000000000000e+01
-5.151045930998640188e+01 2.100000000000000000e+01
-5.062919028164257895e+01 2.100000000000000000e+01
-4.974792125329875603e+01 2.000000000000000000e+01
-4.886665222495493310e+01 1.900000000000000000e+01
-4.798538319661111018e+01 2.500000000000000000e+01
-4.710411416826728725e+01 2.100000000000000000e+01
-4.622284513992346433e+01 1.900000000000000000e+01
-4.534157611157963430e+01 2.100000000000000000e+01
-4.446030708323581138e+01 2.700000000000000000e+01
-4.357903805489198845e+01 1.900000000000000000e+01
-4.269776902654816553e+01 4.100000000000000000e+01
-4.181649999820434260e+01 3.300000000000000000e+01
-4.093523096986051968e+01 4.000000000000000000e+01
-4.005396194151668965e+01 3.900000000000000000e+01
-3.917269291317286672e+01 3.900000000000000000e+01
-3.829142388482904380e+01 4.800000000000000000e+01
-3.741015485648522088e+01 5.800000000000000000e+01
-3.652888582814139795e+01 5.200000000000000000e+01
-3.564761679979757503e+01 5.600000000000000000e+01
-3.476634777145375210e+01 5.600000000000000000e+01
-3.388507874310992207e+01 6.700000000000000000e+01
-3.300380971476609915e+01 4.600000000000000000e+01
-3.212254068642227622e+01 7.000000000000000000e+01
-3.124127165807845330e+01 7.400000000000000000e+01
-3.036000262973463037e+01 8.100000000000000000e+01
-2.947873360139080745e+01 6.800000000000000000e+01
-2.859746457304698097e+01 8.900000000000000000e+01
-2.771619554470315450e+01 1.110000000000000000e+02
-2.683492651635933157e+01 1.220000000000000000e+02
-2.595365748801550865e+01 1.470000000000000000e+02
-2.507238845967168572e+01 1.120000000000000000e+02
-2.419111943132785925e+01 1.520000000000000000e+02
-2.330985040298403277e+01 1.760000000000000000e+02
-2.242858137464020984e+01 1.990000000000000000e+02
-2.154731234629638692e+01 2.410000000000000000e+02
-2.066604331795256400e+01 2.920000000000000000e+02
-1.978477428960874107e+01 3.310000000000000000e+02
-1.890350526126491815e+01 3.740000000000000000e+02
-1.802223623292109522e+01 4.630000000000000000e+02
-1.714096720457727230e+01 5.870000000000000000e+02
-1.625969817623344937e+01 6.890000000000000000e+02
-1.537842914788962645e+01 9.360000000000000000e+02
-1.449716011954579642e+01 1.399000000000000000e+03
-1.361589109120196639e+01 2.871000000000000000e+03
-1.273462206285814347e+01 5.184200000000000000e+04
-1.185335303451432054e+01 1.444810000000000000e+05
-1.097208400617049762e+01 2.430980000000000000e+05
-1.009081497782667469e+01 3.434470000000000000e+05
-9.209545949482851768e+00 4.442470000000000000e+05
-8.328276921139028843e+00 5.486770000000000000e+05
-7.447007892795205919e+00 6.517470000000000000e+05
-6.565738864451382995e+00 7.552830000000000000e+05
-5.684469836107560070e+00 8.596420000000000000e+05
-4.803200807763737146e+00 9.636520000000000000e+05
-3.921931779419907116e+00 1.064042000000000000e+06
-3.040662751076077086e+00 1.162167000000000000e+06
-2.159393722732254162e+00 1.261763000000000000e+06
-1.278124694388431237e+00 1.329933000000000000e+06
-3.968556660446083129e-01 1.334589000000000000e+06
4.844133622992146115e-01 1.335583000000000000e+06
1.365682390643037536e+00 1.325054000000000000e+06
2.246951418986860460e+00 1.248347000000000000e+06
3.128220447330683385e+00 1.152640000000000000e+06
4.009489475674506309e+00 1.053854000000000000e+06
4.890758504018329234e+00 9.516950000000000000e+05
5.772027532362152158e+00 8.481110000000000000e+05
6.653296560705975082e+00 7.475330000000000000e+05
7.534565589049805112e+00 6.433040000000000000e+05
8.415834617393635142e+00 5.388540000000000000e+05
9.297103645737458066e+00 4.355950000000000000e+05
1.017837267408128099e+01 3.328800000000000000e+05
1.105964170242510392e+01 2.331260000000000000e+05
1.194091073076892684e+01 1.358730000000000000e+05
1.282217975911274976e+01 4.355800000000000000e+04
1.370344878745657269e+01 2.407000000000000000e+03
1.458471781580039561e+01 1.335000000000000000e+03
1.546598684414421854e+01 9.290000000000000000e+02
1.634725587248804146e+01 7.000000000000000000e+02
1.722852490083186439e+01 5.330000000000000000e+02
1.810979392917568731e+01 4.340000000000000000e+02
1.899106295751951734e+01 4.230000000000000000e+02
1.987233198586334737e+01 3.110000000000000000e+02
2.075360101420717029e+01 2.300000000000000000e+02
2.163487004255099322e+01 2.060000000000000000e+02
2.251613907089481614e+01 1.930000000000000000e+02
2.339740809923863907e+01 1.910000000000000000e+02
2.427867712758246199e+01 1.720000000000000000e+02
2.515994615592628492e+01 1.420000000000000000e+02
2.604121518427010784e+01 1.420000000000000000e+02
2.692248421261393077e+01 1.310000000000000000e+02
2.780375324095775369e+01 1.140000000000000000e+02
2.868502226930157661e+01 8.400000000000000000e+01
2.956629129764539954e+01 9.500000000000000000e+01
3.044756032598922957e+01 7.700000000000000000e+01
3.132882935433305960e+01 6.700000000000000000e+01
3.221009838267688252e+01 6.600000000000000000e+01
3.309136741102070545e+01 7.200000000000000000e+01
3.397263643936452837e+01 5.000000000000000000e+01
3.485390546770835130e+01 5.800000000000000000e+01
3.573517449605217422e+01 5.200000000000000000e+01
3.661644352439599714e+01 4.700000000000000000e+01
3.749771255273982007e+01 3.800000000000000000e+01
3.837898158108364299e+01 4.100000000000000000e+01
3.926025060942746592e+01 3.100000000000000000e+01
4.014151963777129595e+01 4.800000000000000000e+01
4.102278866611511887e+01 4.000000000000000000e+01
4.190405769445894180e+01 2.800000000000000000e+01
4.278532672280276472e+01 2.700000000000000000e+01
4.366659575114658765e+01 2.600000000000000000e+01
4.454786477949041057e+01 1.900000000000000000e+01
4.542913380783423349e+01 2.100000000000000000e+01
4.631040283617805642e+01 2.900000000000000000e+01
4.719167186452187934e+01 2.600000000000000000e+01
4.807294089286571648e+01 2.400000000000000000e+01
4.895420992120953940e+01 2.500000000000000000e+01
4.983547894955336233e+01 3.100000000000000000e+01
5.071674797789718525e+01 2.200000000000000000e+01
5.159801700624100818e+01 9.000000000000000000e+00
5.247928603458483110e+01 1.900000000000000000e+01
5.336055506292865402e+01 2.500000000000000000e+01
5.424182409127247695e+01 1.700000000000000000e+01
5.512309311961629987e+01 2.000000000000000000e+01
5.600436214796012280e+01 1.500000000000000000e+01
5.688563117630394572e+01 2.100000000000000000e+01
5.776690020464776865e+01 2.300000000000000000e+01
5.864816923299159157e+01 1.200000000000000000e+01
5.952943826133542871e+01 1.200000000000000000e+01
6.041070728967925163e+01 1.300000000000000000e+01
6.129197631802307455e+01 1.200000000000000000e+01
6.217324534636689748e+01 1.300000000000000000e+01
6.305451437471072040e+01 1.200000000000000000e+01
6.393578340305454333e+01 1.600000000000000000e+01
6.481705243139836625e+01 8.000000000000000000e+00
6.569832145974218918e+01 2.000000000000000000e+01
6.657959048808601210e+01 1.600000000000000000e+01
6.746085951642983503e+01 1.600000000000000000e+01
6.834212854477365795e+01 1.300000000000000000e+01
6.922339757311748087e+01 1.300000000000000000e+01
7.010466660146130380e+01 1.700000000000000000e+01
7.098593562980514093e+01 1.400000000000000000e+01
7.186720465814896386e+01 1.100000000000000000e+01
7.274847368649278678e+01 7.000000000000000000e+00
7.362974271483660971e+01 1.100000000000000000e+01
7.451101174318043263e+01 7.000000000000000000e+00
7.539228077152425556e+01 7.000000000000000000e+00
7.627354979986807848e+01 1.600000000000000000e+01
7.715481882821190140e+01 1.200000000000000000e+01
7.803608785655572433e+01 1.000000000000000000e+01
7.891735688489954725e+01 4.000000000000000000e+00
7.979862591324337018e+01 2.000000000000000000e+00
8.067989494158720731e+01 8.000000000000000000e+00
8.156116396993103024e+01 4.000000000000000000e+00
8.244243299827485316e+01 7.000000000000000000e+00
8.332370202661867609e+01 7.000000000000000000e+00
8.420497105496249901e+01 3.000000000000000000e+00
8.508624008330632194e+01 6.000000000000000000e+00
8.596750911165014486e+01 4.000000000000000000e+00
8.684877813999396778e+01 0.000000000000000000e+00
8.773004716833779071e+01 2.000000000000000000e+00
