-8.722488961985114031e+01 2.000000000000000000e+00
-8.634219004395608010e+01 0.000000000000000000e+00
-8.545949046806101990e+01 4.000000000000000000e+00
-8.457679089216597390e+01 5.000000000000000000e+00
-8.369409131627091369e+01 6.000000000000000000e+00
-8.281139174037585349e+01 5.000000000000000000e+00
-8.192869216448079328e+01 9.000000000000000000e+00
-8.104599258858573307e+01 5.000000000000000000e+00
-8.016329301269067287e+01 5.000000000000000000e+00
-7.928059343679561266e+01 9.000000000000000000e+00
-7.839789386090055245e+01 9.000000000000000000e+00
-7.751519428500549225e+01 1.800000000000000000e+01
-7.663249470911044625e+01 6.000000000000000000e+00
-7.574979513321538604e+01 1.000000000000000000e+01
-7.486709555732032584e+01 1.400000000000000000e+01
-7.398439598142526563e+01 9.000000000000000000e+00
-7.310169640553020542e+01 1.500000000000000000e+01
-7.221899682963515943e+01 2.000000000000000000e+01
-7.133629725374009922e+01 6.000000000000000000e+00
-7.045359767784503902e+01 4.000000000000000000e+00
-6.957089810194997881e+01 1.100000000000000000e+01
-6.868819852605491860e+01 9.000000000000000000e+00
-6.780549895015985840e+01 1.300000000000000000e+01
-6.692279937426479819e+01 1.300000000000000000e+01
-6.604009979836973798e+01 1.200000000000000000e+01
-6.515740022247467778e+01 9.000000000000000000e+00
-6.427470064657963178e+01 1.600000000000000000e+01
-6.339200107068457157e+01 1.300000000000000000e+01
-6.250930149478951137e+01 1.800000000000000000e+01
-6.162660191889445116e+01 2.000000000000000000e+01
-6.074390234299939095e+01 1.300000000000000000e+01
-5.986120276710433075e+01 1.700000000000000000e+01
-5.897850319120928475e+01 1.400000000000000000e+01
-5.809580361531422454e+01 1.200000000000000000e+01
-5.721310403941916434e+01 1.300000000000000000e+01
-5.633040446352410413e+01 1.500000000000000000e+01
-5.544770488762904392e+01 2.000000000000000000e+01
-5.456500531173398372e+01 1.500000000000000000e+01
-5.368230573583893062e+01 2.200000000000000000e+01
-5.279960615994387041e+01 1.700000000000000000e+01
-5.191690658404881731e+01 1.500000000000000000e+01
-5.103420700815375710e+01 1.900000000000000000e+01
-5.015150743225869689e+01 1.300000000000000000e+01
-4.926880785636363669e+01 2.300000000000000000e+01
-4.838610828046857648e+01 2.300000000000000000e+01
-4.750340870457352338e+01 2.800000000000000000e+01
-4.662070912867846317e+01 2.300000000000000000e+01
-4.573800955278341007e+01 2.800000000000000000e+01
-4.485530997688834987e+01 2.000000000000000000e+01
-4.397261040099328966e+01 3.600000000000000000e+01
-4.308991082509822945e+01 2.300000000000000000e+01
-4.220721124920316925e+01 1.900000000000000000e+01
-4.132451167330811614e+01 3.700000000000000000e+01
-4.044181209741305594e+01 4.200000000000000000e+01
-3.955911252151799573e+01 2.700000000000000000e+01
-3.867641294562294263e+01 4.600000000000000000e+01
-3.779371336972788242e+01 4.900000000000000000e+01
-3.691101379383282222e+01 5.000000000000000000e+01
-3.602831421793776201e+01 5.500000000000000000e+01
-3.514561464204270891e+01 6.000000000000000000e+01
-3.426291506614764870e+01 4.700000000000000000e+01
-3.338021549025258849e+01 5.800000000000000000e+01
-3.249751591435753539e+01 6.200000000000000000e+01
-3.161481633846247519e+01 8.100000000000000000e+01
-3.073211676256741498e+01 6.900000000000000000e+01
-2.984941718667235833e+01 9.200000000000000000e+01
-2.896671761077730167e+01 8.800000000000000000e+01
-2.808401803488224147e+01 9.800000000000000000e+01
-2.720131845898718126e+01 1.000000000000000000e+02
-2.631861888309212461e+01 1.100000000000000000e+02
-2.543591930719706795e+01 1.250000000000000000e+02
-2.455321973130200774e+01 1.530000000000000000e+02
-2.367052015540694754e+01 1.660000000000000000e+02
-2.278782057951188733e+01 1.780000000000000000e+02
-2.190512100361683423e+01 2.330000000000000000e+02
-2.102242142772178113e+01 2.600000000000000000e+02
-2.013972185182672092e+01 2.750000000000000000e+02
-1.925702227593166072e+01 3.190000000000000000e+02
-1.837432270003660051e+01 4.360000000000000000e+02
-1.749162312414154030e+01 5.220000000000000000e+02
-1.660892354824648010e+01 6.900000000000000000e+02
-1.572622397235142699e+01 8.030000000000000000e+02
-1.484352439645637389e+01 1.119000000000000000e+03
-1.396082482056131369e+01 1.716000000000000000e+03
-1.307812524466625348e+01 2.205900000000000000e+04
-1.219542566877119327e+01 1.093950000000000000e+05
-1.131272609287613307e+01 2.046320000000000000e+05
-1.043002651698107286e+01 3.054690000000000000e+05
-9.547326941086019758e+00 4.071200000000000000e+05
-8.664627365190966657e+00 5.090420000000000000e+05
-7.781927789295906450e+00 6.131130000000000000e+05
-6.899228213400846244e+00 7.188030000000000000e+05
-6.016528637505786037e+00 8.236100000000000000e+05
-5.133829061610725830e+00 9.266000000000000000e+05
-4.251129485715665624e+00 1.029277000000000000e+06
-3.368429909820612522e+00 1.129118000000000000e+06
-2.485730333925559421e+00 1.225960000000000000e+06
-1.603030758030499214e+00 1.314980000000000000e+06
-7.203311821354390077e-01 1.338941000000000000e+06
1.623683937596211990e-01 1.337938000000000000e+06
1.045067969654681406e+00 1.336662000000000000e+06
1.927767545549741612e+00 1.288532000000000000e+06
2.810467121444801819e+00 1.193292000000000000e+06
3.693166697339854920e+00 1.091697000000000000e+06
4.575866273234908022e+00 9.924600000000000000e+05
5.458565849129968228e+00 8.862410000000000000e+05
6.341265425025028435e+00 7.838280000000000000e+05
7.223965000920088642e+00 6.815920000000000000e+05
8.106664576815148848e+00 5.753330000000000000e+05
8.989364152710209055e+00 4.723190000000000000e+05
9.872063728605262156e+00 3.691470000000000000e+05
1.075476330450031526e+01 2.679090000000000000e+05
1.163746288039537546e+01 1.694220000000000000e+05
1.252016245629043567e+01 7.406300000000000000e+04
1.340286203218549588e+01 6.667000000000000000e+03
1.428556160808055608e+01 1.467000000000000000e+03
1.516826118397561629e+01 1.023000000000000000e+03
1.605096075987066939e+01 7.560000000000000000e+02
1.693366033576572249e+01 6.060000000000000000e+02
1.781635991166078270e+01 4.680000000000000000e+02
1.869905948755584291e+01 3.750000000000000000e+02
1.958175906345090311e+01 2.990000000000000000e+02
2.046445863934596332e+01 2.770000000000000000e+02
2.134715821524102353e+01 2.430000000000000000e+02
2.222985779113607663e+01 2.080000000000000000e+02
2.311255736703112973e+01 1.780000000000000000e+02
2.399525694292618994e+01 1.600000000000000000e+02
2.487795651882125014e+01 1.620000000000000000e+02
2.576065609471631035e+01 1.410000000000000000e+02
2.664335567061137056e+01 1.150000000000000000e+02
2.752605524650643076e+01 9.600000000000000000e+01
2.840875482240148386e+01 9.600000000000000000e+01
2.929145439829653697e+01 8.200000000000000000e+01
3.017415397419159717e+01 8.200000000000000000e+01
3.105685355008665738e+01 7.900000000000000000e+01
3.193955312598171759e+01 7.400000000000000000e+01
3.282225270187677779e+01 6.200000000000000000e+01
3.370495227777183800e+01 6.300000000000000000e+01
3.458765185366689110e+01 6.000000000000000000e+01
3.547035142956194420e+01 4.200000000000000000e+01
3.635305100545700441e+01 3.600000000000000000e+01
3.723575058135206461e+01 5.200000000000000000e+01
3.811845015724712482e+01 5.100000000000000000e+01
3.900114973314218503e+01 3.400000000000000000e+01
3.988384930903724523e+01 2.800000000000000000e+01
4.076654888493230544e+01 3.700000000000000000e+01
4.164924846082736565e+01 3.500000000000000000e+01
4.253194803672242585e+01 2.900000000000000000e+01
4.341464761261748606e+01 2.700000000000000000e+01
4.429734718851253206e+01 3.400000000000000000e+01
4.518004676440757805e+01 2.400000000000000000e+01
4.606274634030263826e+01 2.800000000000000000e+01
4.694544591619769847e+01 1.800000000000000000e+01
4.782814549209275867e+01 1.600000000000000000e+01
4.871084506798781888e+01 1.800000000000000000e+01
4.959354464388287909e+01 1.900000000000000000e+01
5.047624421977793929e+01 2.100000000000000000e+01
5.135894379567299950e+01 1.800000000000000000e+01
5.224164337156805971e+01 1.800000000000000000e+01
5.312434294746311991e+01 1.400000000000000000e+01
5.400704252335818012e+01 3.000000000000000000e+01
5.488974209925324033e+01 1.800000000000000000e+01
5.577244167514830053e+01 1.100000000000000000e+01
5.665514125104334653e+01 1.900000000000000000e+01
5.753784082693839252e+01 1.400000000000000000e+01
5.842054040283345273e+01 1.700000000000000000e+01
5.930323997872851294e+01 9.000000000000000000e+00
6.018593955462357314e+01 1.300000000000000000e+01
6.106863913051863335e+01 1.800000000000000000e+01
6.195133870641369356e+01 1.300000000000000000e+01
6.283403828230875376e+01 1.100000000000000000e+01
6.371673785820381397e+01 9.000000000000000000e+00
6.459943743409887418e+01 1.400000000000000000e+01
6.548213700999393438e+01 1.400000000000000000e+01
6.636483658588899459e+01 1.300000000000000000e+01
6.724753616178405480e+01 1.300000000000000000e+01
6.813023573767911500e+01 1.300000000000000000e+01
6.901293531357416100e+01 1.300000000000000000e+01
6.989563488946920700e+01 1.100000000000000000e+01
7.077833446536426720e+01 8.000000000000000000e+00
7.166103404125932741e+01 1.400000000000000000e+01
7.254373361715438762e+01 1.000000000000000000e+01
7.342643319304944782e+01 1.200000000000000000e+01
7.430913276894450803e+01 1.500000000000000000e+01
7.519183234483956824e+01 9.000000000000000000e+00
7.607453192073462844e+01 9.000000000000000000e+00
7.695723149662968865e+01 1.100000000000000000e+01
7.783993107252474886e+01 7.000000000000000000e+00
7.872263064841980906e+01 8.000000000000000000e+00
7.960533022431486927e+01 1.000000000000000000e+01
8.048802980020992948e+01 8.000000000000000000e+00
8.137072937610497547e+01 3.000000000000000000e+00
8.225342895200002147e+01 9.000000000000000000e+00
8.313612852789508167e+01 3.000000000000000000e+00
8.401882810379014188e+01 1.100000000000000000e+01
8.490152767968520209e+01 1.000000000000000000e+00
8.578422725558026229e+01 1.000000000000000000e+00
8.666692683147532250e+01 0.000000000000000000e+00
8.754962640737038271e+01 1.000000000000000000e+00
8.843232598326542870e+01 1.000000000000000000e+00
