-8.887019506407111180e+01 6.000000000000000000e+00
-8.797432662346002985e+01 7.000000000000000000e+00
-8.707845818284897632e+01 1.400000000000000000e+01
-8.618258974223789437e+01 1.100000000000000000e+01
-8.528672130162681242e+01 2.300000000000000000e+01
-8.439085286101575889e+01 3.300000000000000000e+01
-8.349498442040467694e+01 3.000000000000000000e+01
-8.259911597979362341e+01 4.000000000000000000e+01
-8.170324753918254146e+01 3.600000000000000000e+01
-8.080737909857148793e+01 4.200000000000000000e+01
-7.991151065796040598e+01 6.400000000000000000e+01
-7.901564221734932403e+01 3.800000000000000000e+01
-7.811977377673827050e+01 7.000000000000000000e+01
-7.722390533612718855e+01 6.600000000000000000e+01
-7.632803689551613502e+01 6.400000000000000000e+01
-7.543216845490505307e+01 7.100000000000000000e+01
-7.453630001429399954e+01 7.100000000000000000e+01
-7.364043157368291759e+01 8.800000000000000000e+01
-7.274456313307183564e+01 6.800000000000000000e+01
-7.184869469246078211e+01 5.800000000000000000e+01
-7.095282625184970016e+01 7.600000000000000000e+01
-7.005695781123864663e+01 5.800000000000000000e+01
-6.916108937062756468e+01 8.000000000000000000e+01
-6.826522093001651115e+01 6.100000000000000000e+01
-6.736935248940542920e+01 6.700000000000000000e+01
-6.647348404879434725e+01 8.200000000000000000e+01
-6.557761560818329372e+01 7.100000000000000000e+01
-6.468174716757221177e+01 7.700000000000000000e+01
-6.378587872696115113e+01 8.100000000000000000e+01
-6.289001028635008339e+01 9.300000000000000000e+01
-6.199414184573901565e+01 8.600000000000000000e+01
-6.109827340512794080e+01 8.100000000000000000e+01
-6.020240496451687306e+01 9.200000000000000000e+01
-5.930653652390579822e+01 7.900000000000000000e+01
-5.841066808329473048e+01 9.800000000000000000e+01
-5.751479964268366274e+01 1.040000000000000000e+02
-5.661893120207259500e+01 9.600000000000000000e+01
-5.572306276146152015e+01 1.060000000000000000e+02
-5.482719432085045241e+01 9.600000000000000000e+01
-5.393132588023938467e+01 9.100000000000000000e+01
-5.303545743962831693e+01 1.040000000000000000e+02
-5.213958899901724209e+01 1.050000000000000000e+02
-5.124372055840617435e+01 1.480000000000000000e+02
-5.034785211779510661e+01 1.120000000000000000e+02
-4.945198367718403176e+01 1.340000000000000000e+02
-4.855611523657296402e+01 1.580000000000000000e+02
-4.766024679596189628e+01 1.520000000000000000e+02
-4.676437835535082854e+01 1.700000000000000000e+02
-4.586850991473975370e+01 1.560000000000000000e+02
-4.497264147412868596e+01 1.770000000000000000e+02
-4.407677303351761822e+01 1.670000000000000000e+02
-4.318090459290654337e+01 1.910000000000000000e+02
-4.228503615229547563e+01 2.190000000000000000e+02
-4.138916771168440789e+01 2.190000000000000000e+02
-4.049329927107334015e+01 2.280000000000000000e+02
-3.959743083046227241e+01 2.040000000000000000e+02
-3.870156238985119757e+01 2.480000000000000000e+02
-3.780569394924012983e+01 2.420000000000000000e+02
-3.690982550862905498e+01 3.000000000000000000e+02
-3.601395706801798724e+01 3.160000000000000000e+02
-3.511808862740691950e+01 3.190000000000000000e+02
-3.422222018679585176e+01 2.820000000000000000e+02
-3.332635174618478402e+01 3.610000000000000000e+02
-3.243048330557370917e+01 3.980000000000000000e+02
-3.153461486496264143e+01 4.370000000000000000e+02
-3.063874642435157014e+01 4.690000000000000000e+02
-2.974287798374049885e+01 5.100000000000000000e+02
-2.884700954312943111e+01 5.540000000000000000e+02
-2.795114110251836337e+01 5.920000000000000000e+02
-2.705527266190729208e+01 6.820000000000000000e+02
-2.615940422129622078e+01 7.630000000000000000e+02
-2.526353578068515304e+01 8.640000000000000000e+02
-2.436766734007408530e+01 9.120000000000000000e+02
-2.347179889946301756e+01 1.073000000000000000e+03
-2.257593045885194272e+01 1.193000000000000000e+03
-2.168006201824086787e+01 1.406000000000000000e+03
-2.078419357762980013e+01 1.599000000000000000e+03
-1.988832513701873239e+01 1.892000000000000000e+03
-1.899245669640766465e+01 2.263000000000000000e+03
-1.809658825579659691e+01 2.818000000000000000e+03
-1.720071981518552917e+01 3.503000000000000000e+03
-1.630485137457445433e+01 4.335000000000000000e+03
-1.540898293396337948e+01 5.730000000000000000e+03
-1.451311449335231174e+01 8.367000000000000000e+03
-1.361724605274124400e+01 1.767500000000000000e+04
-1.272137761213017626e+01 3.250400000000000000e+05
-1.182550917151910852e+01 9.053260000000000000e+05
-1.092964073090804078e+01 1.513217000000000000e+06
-1.003377229029696593e+01 2.134045000000000000e+06
-9.137903849685891089e+00 2.768724000000000000e+06
-8.242035409074823349e+00 3.411613000000000000e+06
-7.346166968463755609e+00 4.053877000000000000e+06
-6.450298527852687869e+00 4.697173000000000000e+06
-5.554430087241620129e+00 5.342301000000000000e+06
-4.658561646630552389e+00 5.972238000000000000e+06
-3.762693206019477543e+00 6.601578000000000000e+06
-2.866824765408402698e+00 7.215070000000000000e+06
-1.970956324797334958e+00 7.805794000000000000e+06
-1.075087884186267218e+00 8.136648000000000000e+06
-1.792194435751994774e-01 8.136104000000000000e+06
7.166489970358682626e-01 8.136072000000000000e+06
1.612517437646936003e+00 8.004339000000000000e+06
2.508385878258003743e+00 7.451708000000000000e+06
3.404254318869078588e+00 6.845371000000000000e+06
4.300122759480153434e+00 6.222201000000000000e+06
5.195991200091221174e+00 5.595522000000000000e+06
6.091859640702288914e+00 4.953335000000000000e+06
6.987728081313356654e+00 4.311804000000000000e+06
7.883596521924424394e+00 3.667493000000000000e+06
8.779464962535492134e+00 3.022196000000000000e+06
9.675333403146566980e+00 2.390291000000000000e+06
1.057120184375764183e+01 1.760018000000000000e+06
1.146707028436870957e+01 1.143872000000000000e+06
1.236293872497977731e+01 5.527750000000000000e+05
1.325880716559084505e+01 7.637400000000000000e+04
1.415467560620191279e+01 1.030900000000000000e+04
1.505054404681298053e+01 6.605000000000000000e+03
1.594641248742405537e+01 4.782000000000000000e+03
1.684228092803513022e+01 3.691000000000000000e+03
1.773814936864619796e+01 2.996000000000000000e+03
1.863401780925726570e+01 2.457000000000000000e+03
1.952988624986833344e+01 2.084000000000000000e+03
2.042575469047940118e+01 1.682000000000000000e+03
2.132162313109046892e+01 1.496000000000000000e+03
2.221749157170154376e+01 1.275000000000000000e+03
2.311336001231261861e+01 1.138000000000000000e+03
2.400922845292368635e+01 1.041000000000000000e+03
2.490509689353475409e+01 8.560000000000000000e+02
2.580096533414582183e+01 8.370000000000000000e+02
2.669683377475688957e+01 7.780000000000000000e+02
2.759270221536795731e+01 6.270000000000000000e+02
2.848857065597903215e+01 5.930000000000000000e+02
2.938443909659010700e+01 5.410000000000000000e+02
3.028030753720117474e+01 4.900000000000000000e+02
3.117617597781224248e+01 4.170000000000000000e+02
3.207204441842331022e+01 4.390000000000000000e+02
3.296791285903437796e+01 3.950000000000000000e+02
3.386378129964544570e+01 3.720000000000000000e+02
3.475964974025652054e+01 3.470000000000000000e+02
3.565551818086759539e+01 3.090000000000000000e+02
3.655138662147866313e+01 2.840000000000000000e+02
3.744725506208973087e+01 2.550000000000000000e+02
3.834312350270080572e+01 2.840000000000000000e+02
3.923899194331187346e+01 2.470000000000000000e+02
4.013486038392294120e+01 2.290000000000000000e+02
4.103072882453400894e+01 1.970000000000000000e+02
4.192659726514507668e+01 1.750000000000000000e+02
4.282246570575614442e+01 2.240000000000000000e+02
4.371833414636721216e+01 1.710000000000000000e+02
4.461420258697829411e+01 1.460000000000000000e+02
4.551007102758936185e+01 1.740000000000000000e+02
4.640593946820042959e+01 1.570000000000000000e+02
4.730180790881149733e+01 1.520000000000000000e+02
4.819767634942256507e+01 1.420000000000000000e+02
4.909354479003363281e+01 1.340000000000000000e+02
4.998941323064470055e+01 1.440000000000000000e+02
5.088528167125578250e+01 1.170000000000000000e+02
5.178115011186685024e+01 1.050000000000000000e+02
5.267701855247791798e+01 9.700000000000000000e+01
5.357288699308898572e+01 1.070000000000000000e+02
5.446875543370005346e+01 8.700000000000000000e+01
5.536462387431112120e+01 1.110000000000000000e+02
5.626049231492218894e+01 1.200000000000000000e+02
5.715636075553327089e+01 8.700000000000000000e+01
5.805222919614433863e+01 9.000000000000000000e+01
5.894809763675540637e+01 1.010000000000000000e+02
5.984396607736647411e+01 1.030000000000000000e+02
6.073983451797754185e+01 8.500000000000000000e+01
6.163570295858860959e+01 8.000000000000000000e+01
6.253157139919967733e+01 9.900000000000000000e+01
6.342743983981075928e+01 9.000000000000000000e+01
6.432330828042182702e+01 6.400000000000000000e+01
6.521917672103289476e+01 8.000000000000000000e+01
6.611504516164396250e+01 8.700000000000000000e+01
6.701091360225503024e+01 7.900000000000000000e+01
6.790678204286609798e+01 7.400000000000000000e+01
6.880265048347716572e+01 6.300000000000000000e+01
6.969851892408824767e+01 5.800000000000000000e+01
7.059438736469931541e+01 5.600000000000000000e+01
7.149025580531038315e+01 6.000000000000000000e+01
7.238612424592145089e+01 8.200000000000000000e+01
7.328199268653251863e+01 5.500000000000000000e+01
7.417786112714358637e+01 6.200000000000000000e+01
7.507372956775465411e+01 7.600000000000000000e+01
7.596959800836573606e+01 7.900000000000000000e+01
7.686546644897680380e+01 7.800000000000000000e+01
7.776133488958787154e+01 6.500000000000000000e+01
7.865720333019893928e+01 5.900000000000000000e+01
7.955307177081000702e+01 6.000000000000000000e+01
8.044894021142107476e+01 5.200000000000000000e+01
8.134480865203214250e+01 4.200000000000000000e+01
8.224067709264322446e+01 3.100000000000000000e+01
8.313654553325429220e+01 2.500000000000000000e+01
8.403241397386535994e+01 2.700000000000000000e+01
8.492828241447642768e+01 2.100000000000000000e+01
8.582415085508749542e+01 2.000000000000000000e+01
8.672001929569856316e+01 1.300000000000000000e+01
8.761588773630963090e+01 7.000000000000000000e+00
8.851175617692069864e+01 8.000000000000000000e+00
8.940762461753178059e+01 4.000000000000000000e+00
