-1.316701764319773460e+01 2.473000000000000000e+03
-1.303468641067410516e+01 8.211000000000000000e+03
-1.290235517815047217e+01 1.398600000000000000e+04
-1.277002394562684273e+01 1.967400000000000000e+04
-1.263769271310320974e+01 2.580600000000000000e+04
-1.250536148057958030e+01 3.217300000000000000e+04
-1.237303024805594731e+01 3.812200000000000000e+04
-1.224069901553231432e+01 4.409800000000000000e+04
-1.210836778300868488e+01 5.049300000000000000e+04
-1.197603655048505189e+01 5.648600000000000000e+04
-1.184370531796142245e+01 6.283500000000000000e+04
-1.171137408543778946e+01 6.937200000000000000e+04
-1.157904285291416002e+01 7.642600000000000000e+04
-1.144671162039052703e+01 8.281800000000000000e+04
-1.131438038786689759e+01 8.949600000000000000e+04
-1.118204915534326460e+01 9.628900000000000000e+04
-1.104971792281963516e+01 1.028610000000000000e+05
-1.091738669029600217e+01 1.089250000000000000e+05
-1.078505545777237096e+01 1.164290000000000000e+05
-1.065272422524873974e+01 1.227000000000000000e+05
-1.052039299272510675e+01 1.306020000000000000e+05
-1.038806176020147731e+01 1.359650000000000000e+05
-1.025573052767784432e+01 1.436740000000000000e+05
-1.012339929515421488e+01 1.506210000000000000e+05
-9.991068062630581892e+00 1.578810000000000000e+05
-9.858736830106952453e+00 1.643210000000000000e+05
-9.726405597583319462e+00 1.721840000000000000e+05
-9.594074365059690024e+00 1.791910000000000000e+05
-9.461743132536057033e+00 1.860830000000000000e+05
-9.329411900012427594e+00 1.942470000000000000e+05
-9.197080667488794603e+00 2.008490000000000000e+05
-9.064749434965163388e+00 2.067200000000000000e+05
-8.932418202441532173e+00 2.140390000000000000e+05
-8.800086969917900959e+00 2.218250000000000000e+05
-8.667755737394269744e+00 2.294210000000000000e+05
-8.535424504870636753e+00 2.365730000000000000e+05
-8.403093272347007314e+00 2.436400000000000000e+05
-8.270762039823374323e+00 2.513160000000000000e+05
-8.138430807299744885e+00 2.580310000000000000e+05
-8.006099574776111893e+00 2.649340000000000000e+05
-7.873768342252481567e+00 2.727310000000000000e+05
-7.741437109728849464e+00 2.804570000000000000e+05
-7.609105877205218249e+00 2.867410000000000000e+05
-7.476774644681587034e+00 2.947880000000000000e+05
-7.344443412157955819e+00 3.017050000000000000e+05
-7.212112179634324605e+00 3.091110000000000000e+05
-7.079780947110693390e+00 3.161420000000000000e+05
-6.947449714587062175e+00 3.235850000000000000e+05
-6.815118482063430072e+00 3.303960000000000000e+05
-6.682787249539798857e+00 3.393210000000000000e+05
-6.550456017016167642e+00 3.452710000000000000e+05
-6.418124784492536428e+00 3.532470000000000000e+05
-6.285793551968905213e+00 3.598980000000000000e+05
-6.153462319445273998e+00 3.675870000000000000e+05
-6.021131086921641895e+00 3.751060000000000000e+05
-5.888799854398010680e+00 3.811420000000000000e+05
-5.756468621874379465e+00 3.890410000000000000e+05
-5.624137389350748251e+00 3.966660000000000000e+05
-5.491806156827117036e+00 4.031850000000000000e+05
-5.359474924303485821e+00 4.119100000000000000e+05
-5.227143691779854606e+00 4.175970000000000000e+05
-5.094812459256222503e+00 4.246000000000000000e+05
-4.962481226732591288e+00 4.317110000000000000e+05
-4.830149994208960074e+00 4.390820000000000000e+05
-4.697818761685328859e+00 4.459180000000000000e+05
-4.565487529161697644e+00 4.538070000000000000e+05
-4.433156296638066429e+00 4.606400000000000000e+05
-4.300825064114435214e+00 4.669830000000000000e+05
-4.168493831590804000e+00 4.758040000000000000e+05
-4.036162599067172785e+00 4.816900000000000000e+05
-3.903831366543540682e+00 4.878060000000000000e+05
-3.771500134019908579e+00 4.958790000000000000e+05
-3.639168901496277364e+00 5.039250000000000000e+05
-3.506837668972646149e+00 5.098230000000000000e+05
-3.374506436449014934e+00 5.154810000000000000e+05
-3.242175203925383720e+00 5.240760000000000000e+05
-3.109843971401752505e+00 5.292320000000000000e+05
-2.977512738878121290e+00 5.365840000000000000e+05
-2.845181506354490075e+00 5.436270000000000000e+05
-2.712850273830858860e+00 5.492340000000000000e+05
-2.580519041307227646e+00 5.563880000000000000e+05
-2.448187808783596431e+00 5.613820000000000000e+05
-2.315856576259965216e+00 5.676360000000000000e+05
-2.183525343736333113e+00 5.752100000000000000e+05
-2.051194111212701010e+00 5.810070000000000000e+05
-1.918862878689069795e+00 5.868040000000000000e+05
-1.786531646165438580e+00 5.937460000000000000e+05
-1.654200413641807366e+00 6.000620000000000000e+05
-1.521869181118176151e+00 6.060850000000000000e+05
-1.389537948594544936e+00 6.084870000000000000e+05
-1.257206716070913721e+00 6.085290000000000000e+05
-1.124875483547282506e+00 6.082320000000000000e+05
-9.925442510236512916e-01 6.103990000000000000e+05
-8.602130185000200768e-01 6.089470000000000000e+05
-7.278817859763888620e-01 6.094860000000000000e+05
-5.955505534527567590e-01 6.086110000000000000e+05
-4.632193209291246561e-01 6.092840000000000000e+05
-3.308880884054934413e-01 6.103290000000000000e+05
-1.985568558818622265e-01 6.086080000000000000e+05
-6.622562335823101165e-02 6.088610000000000000e+05
6.610560916540020315e-02 6.091610000000000000e+05
1.984368416890314180e-01 6.083900000000000000e+05
3.307680742126626328e-01 6.083950000000000000e+05
4.630993067362938476e-01 6.077960000000000000e+05
5.954305392599250624e-01 6.090670000000000000e+05
7.277617717835562772e-01 6.087250000000000000e+05
8.600930043071874920e-01 6.085880000000000000e+05
9.924242368308187068e-01 6.079940000000000000e+05
1.124755469354450810e+00 6.094170000000000000e+05
1.257086701878082913e+00 6.095840000000000000e+05
1.389417934401714128e+00 6.082910000000000000e+05
1.521749166925345342e+00 6.062820000000000000e+05
1.654080399448976557e+00 6.000410000000000000e+05
1.786411631972607772e+00 5.935190000000000000e+05
1.918742864496238987e+00 5.887600000000000000e+05
2.051074097019870202e+00 5.819400000000000000e+05
2.183405329543501416e+00 5.745310000000000000e+05
2.315736562067132631e+00 5.691440000000000000e+05
2.448067794590763846e+00 5.622200000000000000e+05
2.580399027114395061e+00 5.557610000000000000e+05
2.712730259638026276e+00 5.488710000000000000e+05
2.845061492161658379e+00 5.425810000000000000e+05
2.977392724685289593e+00 5.362600000000000000e+05
3.109723957208920808e+00 5.297510000000000000e+05
3.242055189732552023e+00 5.224910000000000000e+05
3.374386422256183238e+00 5.170190000000000000e+05
3.506717654779814453e+00 5.097180000000000000e+05
3.639048887303445667e+00 5.012970000000000000e+05
3.771380119827078659e+00 4.951880000000000000e+05
3.903711352350709873e+00 4.895340000000000000e+05
4.036042584874341088e+00 4.821810000000000000e+05
4.168373817397972303e+00 4.743390000000000000e+05
4.300705049921603518e+00 4.686250000000000000e+05
4.433036282445234733e+00 4.607680000000000000e+05
4.565367514968865947e+00 4.541080000000000000e+05
4.697698747492497162e+00 4.459820000000000000e+05
4.830029980016128377e+00 4.388510000000000000e+05
4.962361212539759592e+00 4.334790000000000000e+05
5.094692445063390807e+00 4.245910000000000000e+05
5.227023677587022021e+00 4.183800000000000000e+05
5.359354910110653236e+00 4.108710000000000000e+05
5.491686142634286227e+00 4.035210000000000000e+05
5.624017375157917442e+00 3.956000000000000000e+05
5.756348607681548657e+00 3.891930000000000000e+05
5.888679840205179872e+00 3.810040000000000000e+05
6.021011072728811087e+00 3.745530000000000000e+05
6.153342305252442301e+00 3.675150000000000000e+05
6.285673537776073516e+00 3.600800000000000000e+05
6.418004770299704731e+00 3.529020000000000000e+05
6.550336002823335946e+00 3.461770000000000000e+05
6.682667235346967161e+00 3.378950000000000000e+05
6.814998467870598375e+00 3.301420000000000000e+05
6.947329700394229590e+00 3.227580000000000000e+05
7.079660932917860805e+00 3.159980000000000000e+05
7.211992165441493796e+00 3.087750000000000000e+05
7.344323397965125011e+00 3.010070000000000000e+05
7.476654630488756226e+00 2.940870000000000000e+05
7.608985863012387441e+00 2.880550000000000000e+05
7.741317095536018655e+00 2.799130000000000000e+05
7.873648328059649870e+00 2.728610000000000000e+05
8.005979560583281085e+00 2.659940000000000000e+05
8.138310793106912300e+00 2.577790000000000000e+05
8.270642025630543515e+00 2.506550000000000000e+05
8.402973258154174729e+00 2.435380000000000000e+05
8.535304490677805944e+00 2.359880000000000000e+05
8.667635723201437159e+00 2.288030000000000000e+05
8.799966955725068374e+00 2.221800000000000000e+05
8.932298188248701365e+00 2.143620000000000000e+05
9.064629420772332580e+00 2.075700000000000000e+05
9.196960653295963795e+00 2.002820000000000000e+05
9.329291885819595009e+00 1.928900000000000000e+05
9.461623118343226224e+00 1.857630000000000000e+05
9.593954350866857439e+00 1.791720000000000000e+05
9.726285583390488654e+00 1.712630000000000000e+05
9.858616815914119869e+00 1.653810000000000000e+05
9.990948048437751083e+00 1.572280000000000000e+05
1.012327928096138230e+01 1.509160000000000000e+05
1.025561051348501351e+01 1.439380000000000000e+05
1.038794174600864473e+01 1.368490000000000000e+05
1.052027297853227594e+01 1.305080000000000000e+05
1.065260421105590893e+01 1.228740000000000000e+05
1.078493544357954015e+01 1.157810000000000000e+05
1.091726667610317136e+01 1.096180000000000000e+05
1.104959790862680258e+01 1.022870000000000000e+05
1.118192914115043379e+01 9.626100000000000000e+04
1.131426037367406501e+01 8.931700000000000000e+04
1.144659160619769622e+01 8.218700000000000000e+04
1.157892283872132744e+01 7.616300000000000000e+04
1.171125407124495865e+01 6.944900000000000000e+04
1.184358530376858987e+01 6.337800000000000000e+04
1.197591653629222108e+01 5.667600000000000000e+04
1.210824776881585407e+01 5.047400000000000000e+04
1.224057900133948529e+01 4.443500000000000000e+04
1.237291023386311650e+01 3.813800000000000000e+04
1.250524146638674772e+01 3.192200000000000000e+04
1.263757269891037893e+01 2.600500000000000000e+04
1.276990393143401015e+01 1.996200000000000000e+04
1.290223516395764136e+01 1.405700000000000000e+04
1.303456639648127258e+01 8.267000000000000000e+03
1.316689762900490379e+01 2.585000000000000000e+03
