-8.799926427107590143e+01 3.000000000000000000e+00
-8.711239513322061612e+01 5.000000000000000000e+00
-8.622552599536534501e+01 9.000000000000000000e+00
-8.533865685751007391e+01 7.000000000000000000e+00
-8.445178771965478859e+01 1.200000000000000000e+01
-8.356491858179950327e+01 1.300000000000000000e+01
-8.267804944394423217e+01 1.900000000000000000e+01
-8.179118030608896106e+01 2.100000000000000000e+01
-8.090431116823367574e+01 1.700000000000000000e+01
-8.001744203037839043e+01 2.900000000000000000e+01
-7.913057289252311932e+01 2.000000000000000000e+01
-7.824370375466784822e+01 3.500000000000000000e+01
-7.735683461681256290e+01 4.000000000000000000e+01
-7.646996547895727758e+01 3.600000000000000000e+01
-7.558309634110199227e+01 3.700000000000000000e+01
-7.469622720324672116e+01 2.400000000000000000e+01
-7.380935806539145005e+01 2.900000000000000000e+01
-7.292248892753616474e+01 3.800000000000000000e+01
-7.203561978968087942e+01 2.700000000000000000e+01
-7.114875065182560832e+01 3.400000000000000000e+01
-7.026188151397033721e+01 3.200000000000000000e+01
-6.937501237611505189e+01 2.700000000000000000e+01
-6.848814323825976658e+01 3.800000000000000000e+01
-6.760127410040448126e+01 2.800000000000000000e+01
-6.671440496254922436e+01 2.900000000000000000e+01
-6.582753582469393905e+01 3.600000000000000000e+01
-6.494066668683865373e+01 3.400000000000000000e+01
-6.405379754898336842e+01 4.000000000000000000e+01
-6.316692841112809731e+01 3.000000000000000000e+01
-6.228005927327281910e+01 4.400000000000000000e+01
-6.139319013541754089e+01 4.300000000000000000e+01
-6.050632099756226268e+01 4.100000000000000000e+01
-5.961945185970698446e+01 4.500000000000000000e+01
-5.873258272185170625e+01 4.400000000000000000e+01
-5.784571358399642804e+01 4.000000000000000000e+01
-5.695884444614114273e+01 5.100000000000000000e+01
-5.607197530828587162e+01 4.600000000000000000e+01
-5.518510617043058630e+01 5.700000000000000000e+01
-5.429823703257531520e+01 4.200000000000000000e+01
-5.341136789472002988e+01 3.800000000000000000e+01
-5.252449875686475878e+01 5.300000000000000000e+01
-5.163762961900947346e+01 5.600000000000000000e+01
-5.075076048115420235e+01 6.400000000000000000e+01
-4.986389134329891704e+01 6.200000000000000000e+01
-4.897702220544363882e+01 4.600000000000000000e+01
-4.809015306758836061e+01 7.600000000000000000e+01
-4.720328392973307530e+01 7.400000000000000000e+01
-4.631641479187780419e+01 8.000000000000000000e+01
-4.542954565402251887e+01 7.800000000000000000e+01
-4.454267651616724777e+01 6.800000000000000000e+01
-4.365580737831196245e+01 7.600000000000000000e+01
-4.276893824045669135e+01 1.000000000000000000e+02
-4.188206910260140603e+01 9.200000000000000000e+01
-4.099519996474613492e+01 9.400000000000000000e+01
-4.010833082689084961e+01 1.020000000000000000e+02
-3.922146168903557850e+01 1.010000000000000000e+02
-3.833459255118029319e+01 1.150000000000000000e+02
-3.744772341332501497e+01 1.180000000000000000e+02
-3.656085427546973676e+01 1.200000000000000000e+02
-3.567398513761445145e+01 1.160000000000000000e+02
-3.478711599975918034e+01 1.560000000000000000e+02
-3.390024686190389502e+01 1.470000000000000000e+02
-3.301337772404862392e+01 1.720000000000000000e+02
-3.212650858619333860e+01 1.590000000000000000e+02
-3.123963944833806394e+01 2.040000000000000000e+02
-3.035277031048278573e+01 2.540000000000000000e+02
-2.946590117262750752e+01 2.410000000000000000e+02
-2.857903203477222931e+01 2.650000000000000000e+02
-2.769216289691695110e+01 2.750000000000000000e+02
-2.680529375906167289e+01 3.050000000000000000e+02
-2.591842462120639112e+01 3.130000000000000000e+02
-2.503155548335110936e+01 3.730000000000000000e+02
-2.414468634549583470e+01 4.400000000000000000e+02
-2.325781720764055649e+01 5.020000000000000000e+02
-2.237094806978527828e+01 5.490000000000000000e+02
-2.148407893193000007e+01 6.960000000000000000e+02
-2.059720979407471475e+01 7.880000000000000000e+02
-1.971034065621943654e+01 8.780000000000000000e+02
-1.882347151836415833e+01 1.092000000000000000e+03
-1.793660238050888012e+01 1.344000000000000000e+03
-1.704973324265360191e+01 1.594000000000000000e+03
-1.616286410479832369e+01 2.003000000000000000e+03
-1.527599496694304548e+01 2.687000000000000000e+03
-1.438912582908776727e+01 3.957000000000000000e+03
-1.350225669123248906e+01 1.376000000000000000e+04
-1.261538755337721085e+01 2.542200000000000000e+05
-1.172851841552193264e+01 6.375660000000000000e+05
-1.084164927766665443e+01 1.037217000000000000e+06
-9.954780139811376216e+00 1.444617000000000000e+06
-9.067911001956090900e+00 1.861572000000000000e+06
-8.181041864100812688e+00 2.280260000000000000e+06
-7.294172726245534477e+00 2.703023000000000000e+06
-6.407303588390256266e+00 3.124119000000000000e+06
-5.520434450534978055e+00 3.544487000000000000e+06
-4.633565312679699844e+00 3.959430000000000000e+06
-3.746696174824421632e+00 4.371165000000000000e+06
-2.859827036969143421e+00 4.768514000000000000e+06
-1.972957899113865210e+00 5.163473000000000000e+06
-1.086088761258586999e+00 5.380993000000000000e+06
-1.992196234033087876e-01 5.384877000000000000e+06
6.876495144519694236e-01 5.387902000000000000e+06
1.574518652307247635e+00 5.303356000000000000e+06
2.461387790162532951e+00 4.950516000000000000e+06
3.348256928017811163e+00 4.559743000000000000e+06
4.235126065873089374e+00 4.147413000000000000e+06
5.121995203728367585e+00 3.730558000000000000e+06
6.008864341583645796e+00 3.310879000000000000e+06
6.895733479438924007e+00 2.892713000000000000e+06
7.782602617294202219e+00 2.470614000000000000e+06
8.669471755149480430e+00 2.047947000000000000e+06
9.556340893004758641e+00 1.631450000000000000e+06
1.044321003086003685e+01 1.218497000000000000e+06
1.133007916871531506e+01 8.156870000000000000e+05
1.221694830657059327e+01 4.249350000000000000e+05
1.310381744442587149e+01 7.977000000000000000e+04
1.399068658228115680e+01 4.998000000000000000e+03
1.487755572013643501e+01 3.167000000000000000e+03
1.576442485799171322e+01 2.384000000000000000e+03
1.665129399584699144e+01 1.809000000000000000e+03
1.753816313370226965e+01 1.442000000000000000e+03
1.842503227155754786e+01 1.181000000000000000e+03
1.931190140941282607e+01 9.480000000000000000e+02
2.019877054726810428e+01 8.580000000000000000e+02
2.108563968512338249e+01 6.790000000000000000e+02
2.197250882297866070e+01 6.250000000000000000e+02
2.285937796083393891e+01 5.110000000000000000e+02
2.374624709868921713e+01 4.760000000000000000e+02
2.463311623654449534e+01 4.230000000000000000e+02
2.551998537439978065e+01 3.520000000000000000e+02
2.640685451225505886e+01 2.980000000000000000e+02
2.729372365011033708e+01 3.200000000000000000e+02
2.818059278796561529e+01 2.580000000000000000e+02
2.906746192582089350e+01 2.510000000000000000e+02
2.995433106367617171e+01 2.460000000000000000e+02
3.084120020153144992e+01 2.110000000000000000e+02
3.172806933938672813e+01 2.050000000000000000e+02
3.261493847724200634e+01 1.730000000000000000e+02
3.350180761509728455e+01 1.860000000000000000e+02
3.438867675295256277e+01 1.460000000000000000e+02
3.527554589080784098e+01 1.610000000000000000e+02
3.616241502866311919e+01 1.480000000000000000e+02
3.704928416651840450e+01 1.200000000000000000e+02
3.793615330437368272e+01 1.190000000000000000e+02
3.882302244222896093e+01 1.170000000000000000e+02
3.970989158008424624e+01 8.900000000000000000e+01
4.059676071793951735e+01 7.500000000000000000e+01
4.148362985579478845e+01 9.300000000000000000e+01
4.237049899365007377e+01 8.100000000000000000e+01
4.325736813150535909e+01 8.000000000000000000e+01
4.414423726936063019e+01 7.700000000000000000e+01
4.503110640721590130e+01 8.500000000000000000e+01
4.591797554507118662e+01 6.700000000000000000e+01
4.680484468292647193e+01 7.200000000000000000e+01
4.769171382078175725e+01 7.100000000000000000e+01
4.857858295863702836e+01 6.700000000000000000e+01
4.946545209649229946e+01 5.900000000000000000e+01
5.035232123434758478e+01 7.600000000000000000e+01
5.123919037220287009e+01 4.000000000000000000e+01
5.212605951005814120e+01 4.500000000000000000e+01
5.301292864791341231e+01 4.700000000000000000e+01
5.389979778576869762e+01 4.600000000000000000e+01
5.478666692362398294e+01 4.300000000000000000e+01
5.567353606147925404e+01 3.500000000000000000e+01
5.656040519933452515e+01 4.700000000000000000e+01
5.744727433718981047e+01 4.200000000000000000e+01
5.833414347504509578e+01 2.800000000000000000e+01
5.922101261290038110e+01 4.100000000000000000e+01
6.010788175075565221e+01 3.900000000000000000e+01
6.099475088861092331e+01 3.700000000000000000e+01
6.188162002646620863e+01 4.100000000000000000e+01
6.276848916432149394e+01 4.700000000000000000e+01
6.365535830217676505e+01 3.100000000000000000e+01
6.454222744003203616e+01 4.000000000000000000e+01
6.542909657788732147e+01 3.600000000000000000e+01
6.631596571574260679e+01 2.800000000000000000e+01
6.720283485359787790e+01 3.500000000000000000e+01
6.808970399145314900e+01 3.300000000000000000e+01
6.897657312930843432e+01 3.900000000000000000e+01
6.986344226716371963e+01 4.000000000000000000e+01
7.075031140501900495e+01 2.100000000000000000e+01
7.163718054287427606e+01 3.200000000000000000e+01
7.252404968072954716e+01 3.200000000000000000e+01
7.341091881858483248e+01 3.000000000000000000e+01
7.429778795644011780e+01 2.900000000000000000e+01
7.518465709429538890e+01 2.500000000000000000e+01
7.607152623215066001e+01 3.600000000000000000e+01
7.695839537000594532e+01 4.000000000000000000e+01
7.784526450786123064e+01 3.900000000000000000e+01
7.873213364571650175e+01 2.900000000000000000e+01
7.961900278357177285e+01 2.300000000000000000e+01
8.050587192142705817e+01 1.700000000000000000e+01
8.139274105928234349e+01 1.400000000000000000e+01
8.227961019713762880e+01 1.300000000000000000e+01
8.316647933499289991e+01 1.200000000000000000e+01
8.405334847284817101e+01 7.000000000000000000e+00
8.494021761070345633e+01 1.400000000000000000e+01
8.582708674855874165e+01 1.000000000000000000e+01
8.671395588641401275e+01 4.000000000000000000e+00
8.760082502426928386e+01 2.000000000000000000e+00
8.848769416212456917e+01 5.000000000000000000e+00
