-1.336823644669654243e+01 8.370000000000000000e+02
-1.309822050634850044e+01 2.376000000000000000e+03
-1.282820456600045489e+01 3.992000000000000000e+03
-1.255818862565241290e+01 5.615000000000000000e+03
-1.228817268530436735e+01 7.420000000000000000e+03
-1.201815674495632358e+01 9.147000000000000000e+03
-1.174814080460827981e+01 1.085300000000000000e+04
-1.147812486426023426e+01 1.262700000000000000e+04
-1.120810892391219227e+01 1.472200000000000000e+04
-1.093809298356414672e+01 1.627200000000000000e+04
-1.066807704321610473e+01 1.838000000000000000e+04
-1.039806110286805918e+01 2.039500000000000000e+04
-1.012804516252001719e+01 2.225800000000000000e+04
-9.858029222171971639e+00 2.406200000000000000e+04
-9.588013281823929645e+00 2.592000000000000000e+04
-9.317997341475884099e+00 2.768200000000000000e+04
-9.047981401127840329e+00 3.007200000000000000e+04
-8.777965460779796558e+00 3.217500000000000000e+04
-8.507949520431751012e+00 3.396600000000000000e+04
-8.237933580083709018e+00 3.604500000000000000e+04
-7.967917639735664359e+00 3.782900000000000000e+04
-7.697901699387620589e+00 4.034000000000000000e+04
-7.427885759039576818e+00 4.227400000000000000e+04
-7.157869818691533048e+00 4.431800000000000000e+04
-6.887853878343488390e+00 4.603200000000000000e+04
-6.617837937995444619e+00 4.806700000000000000e+04
-6.347821997647400849e+00 5.029600000000000000e+04
-6.077806057299357079e+00 5.251500000000000000e+04
-5.807790116951313308e+00 5.438300000000000000e+04
-5.537774176603269538e+00 5.661500000000000000e+04
-5.267758236255224880e+00 5.840800000000000000e+04
-4.997742295907181109e+00 6.050700000000000000e+04
-4.727726355559137339e+00 6.233100000000000000e+04
-4.457710415211093569e+00 6.404200000000000000e+04
-4.187694474863049798e+00 6.580400000000000000e+04
-3.917678534515006028e+00 6.798300000000000000e+04
-3.647662594166962258e+00 7.021500000000000000e+04
-3.377646653818917599e+00 7.154000000000000000e+04
-3.107630713470872941e+00 7.379100000000000000e+04
-2.837614773122829170e+00 7.505900000000000000e+04
-2.567598832774785400e+00 7.707600000000000000e+04
-2.297582892426741630e+00 7.952800000000000000e+04
-2.027566952078697859e+00 8.095300000000000000e+04
-1.757551011730654089e+00 8.215800000000000000e+04
-1.487535071382610319e+00 8.352400000000000000e+04
-1.217519131034566549e+00 8.447900000000000000e+04
-9.475031906865227782e-01 8.434900000000000000e+04
-6.774872503384790079e-01 8.462400000000000000e+04
-4.074713099904343494e-01 8.385100000000000000e+04
-1.374553696423896909e-01 8.410800000000000000e+04
1.325605707056540794e-01 8.445300000000000000e+04
4.025765110536978497e-01 8.477800000000000000e+04
6.725924514017416200e-01 8.502000000000000000e+04
9.426083917497853903e-01 8.514200000000000000e+04
1.212624332097829161e+00 8.428000000000000000e+04
1.482640272445872931e+00 8.438000000000000000e+04
1.752656212793916701e+00 8.299700000000000000e+04
2.022672153141960472e+00 8.128400000000000000e+04
2.292688093490005130e+00 7.941100000000000000e+04
2.562704033838049789e+00 7.696600000000000000e+04
2.832719974186092671e+00 7.566200000000000000e+04
3.102735914534136441e+00 7.362100000000000000e+04
3.372751854882180211e+00 7.226600000000000000e+04
3.642767795230223982e+00 7.035500000000000000e+04
3.912783735578269528e+00 6.786800000000000000e+04
4.182799675926313299e+00 6.630300000000000000e+04
4.452815616274357069e+00 6.451900000000000000e+04
4.722831556622400839e+00 6.227500000000000000e+04
4.992847496970444610e+00 6.005300000000000000e+04
5.262863437318488380e+00 5.831600000000000000e+04
5.532879377666532150e+00 5.653100000000000000e+04
5.802895318014575921e+00 5.426700000000000000e+04
6.072911258362619691e+00 5.258400000000000000e+04
6.342927198710663461e+00 5.009300000000000000e+04
6.612943139058707231e+00 4.810800000000000000e+04
6.882959079406752778e+00 4.594700000000000000e+04
7.152975019754796548e+00 4.415400000000000000e+04
7.422990960102840319e+00 4.233100000000000000e+04
7.693006900450884089e+00 4.016400000000000000e+04
7.963022840798927859e+00 3.794200000000000000e+04
8.233038781146971630e+00 3.572200000000000000e+04
8.503054721495015400e+00 3.370100000000000000e+04
8.773070661843059170e+00 3.229800000000000000e+04
9.043086602191102941e+00 2.998900000000000000e+04
9.313102542539146711e+00 2.827200000000000000e+04
9.583118482887190481e+00 2.608900000000000000e+04
9.853134423235236028e+00 2.427300000000000000e+04
1.012315036358327980e+01 2.213800000000000000e+04
1.039316630393132357e+01 2.055500000000000000e+04
1.066318224427936734e+01 1.809200000000000000e+04
1.093319818462741111e+01 1.641300000000000000e+04
1.120321412497545488e+01 1.467100000000000000e+04
1.147323006532349865e+01 1.263600000000000000e+04
1.174324600567154242e+01 1.092900000000000000e+04
1.201326194601958619e+01 9.203000000000000000e+03
1.228327788636762996e+01 7.386000000000000000e+03
1.255329382671567373e+01 5.594000000000000000e+03
1.282330976706371928e+01 4.037000000000000000e+03
1.309332570741176305e+01 2.433000000000000000e+03
1.336334164775980504e+01 7.830000000000000000e+02
