2.700000000000000000e+01 -8.900988446016813782e+01
4.000000000000000000e+01 -8.721083781107554955e+01
2.500000000000000000e+01 -8.541179116198298971e+01
3.900000000000000000e+01 -8.361274451289040144e+01
4.000000000000000000e+01 -8.181369786379784159e+01
3.100000000000000000e+01 -8.001465121470525332e+01
4.300000000000000000e+01 -7.821560456561269348e+01
2.500000000000000000e+01 -7.641655791652010521e+01
3.300000000000000000e+01 -7.461751126742753115e+01
2.700000000000000000e+01 -7.281846461833495709e+01
4.500000000000000000e+01 -7.101941796924236883e+01
4.100000000000000000e+01 -6.922037132014980898e+01
3.100000000000000000e+01 -6.742132467105722071e+01
4.400000000000000000e+01 -6.562227802196466087e+01
4.100000000000000000e+01 -6.382323137287207970e+01
4.500000000000000000e+01 -6.202418472377950565e+01
5.600000000000000000e+01 -6.022513807468693159e+01
5.100000000000000000e+01 -5.842609142559435753e+01
5.100000000000000000e+01 -5.662704477650178347e+01
4.500000000000000000e+01 -5.482799812740920942e+01
5.800000000000000000e+01 -5.302895147831662825e+01
5.600000000000000000e+01 -5.122990482922405420e+01
6.500000000000000000e+01 -4.943085818013148014e+01
5.300000000000000000e+01 -4.763181153103890608e+01
6.400000000000000000e+01 -4.583276488194633203e+01
6.000000000000000000e+01 -4.403371823285375797e+01
7.800000000000000000e+01 -4.223467158376118391e+01
8.700000000000000000e+01 -4.043562493466860985e+01
8.800000000000000000e+01 -3.863657828557602869e+01
8.400000000000000000e+01 -3.683753163648345463e+01
1.210000000000000000e+02 -3.503848498739088058e+01
1.350000000000000000e+02 -3.323943833829830652e+01
1.460000000000000000e+02 -3.144039168920573246e+01
1.440000000000000000e+02 -2.964134504011315840e+01
1.690000000000000000e+02 -2.784229839102058435e+01
1.590000000000000000e+02 -2.604325174192801029e+01
2.380000000000000000e+02 -2.424420509283543623e+01
2.580000000000000000e+02 -2.244515844374286218e+01
3.450000000000000000e+02 -2.064611179465028812e+01
4.630000000000000000e+02 -1.884706514555771406e+01
5.720000000000000000e+02 -1.704801849646513290e+01
7.610000000000000000e+02 -1.524897184737255174e+01
1.450000000000000000e+03 -1.344992519827997768e+01
5.552900000000000000e+04 -1.165087854918740362e+01
2.329840000000000000e+05 -9.851831900094829564e+00
4.389620000000000000e+05 -8.052785251002255507e+00
6.580350000000000000e+05 -6.253738601909681449e+00
8.772550000000000000e+05 -4.454691952817107392e+00
1.086097000000000000e+06 -2.655645303724533335e+00
1.275034000000000000e+06 -8.565986546319592776e-01
1.270136000000000000e+06 9.424479944606147797e-01
1.078577000000000000e+06 2.741494643553188837e+00
8.668400000000000000e+05 4.540541292645762894e+00
6.473340000000000000e+05 6.339587941738336951e+00
4.298370000000000000e+05 8.138634590830911009e+00
2.239870000000000000e+05 9.937681239923492171e+00
4.876200000000000000e+04 1.173672788901607333e+01
1.392000000000000000e+03 1.353577453810864739e+01
8.170000000000000000e+02 1.533482118720122145e+01
5.840000000000000000e+02 1.713386783629379551e+01
4.630000000000000000e+02 1.893291448538636956e+01
3.480000000000000000e+02 2.073196113447894362e+01
2.750000000000000000e+02 2.253100778357151768e+01
2.180000000000000000e+02 2.433005443266409173e+01
1.910000000000000000e+02 2.612910108175666579e+01
1.770000000000000000e+02 2.792814773084923985e+01
1.590000000000000000e+02 2.972719437994181391e+01
1.340000000000000000e+02 3.152624102903438796e+01
1.190000000000000000e+02 3.332528767812696202e+01
1.130000000000000000e+02 3.512433432721953608e+01
1.040000000000000000e+02 3.692338097631211014e+01
1.000000000000000000e+02 3.872242762540468419e+01
8.200000000000000000e+01 4.052147427449726536e+01
8.500000000000000000e+01 4.232052092358983941e+01
8.100000000000000000e+01 4.411956757268241347e+01
7.200000000000000000e+01 4.591861422177498753e+01
6.300000000000000000e+01 4.771766087086756158e+01
8.000000000000000000e+01 4.951670751996013564e+01
4.000000000000000000e+01 5.131575416905270970e+01
5.900000000000000000e+01 5.311480081814528376e+01
7.200000000000000000e+01 5.491384746723785781e+01
4.900000000000000000e+01 5.671289411633044608e+01
4.700000000000000000e+01 5.851194076542302014e+01
3.700000000000000000e+01 6.031098741451559420e+01
4.200000000000000000e+01 6.211003406360816825e+01
4.400000000000000000e+01 6.390908071270074231e+01
3.000000000000000000e+01 6.570812736179331637e+01
3.700000000000000000e+01 6.750717401088589043e+01
3.500000000000000000e+01 6.930622065997846448e+01
4.500000000000000000e+01 7.110526730907103854e+01
3.500000000000000000e+01 7.290431395816361260e+01
3.600000000000000000e+01 7.470336060725618665e+01
4.100000000000000000e+01 7.650240725634876071e+01
4.300000000000000000e+01 7.830145390544133477e+01
4.800000000000000000e+01 8.010050055453390883e+01
2.500000000000000000e+01 8.189954720362648288e+01
3.100000000000000000e+01 8.369859385271907115e+01
4.500000000000000000e+01 8.549764050181164521e+01
3.700000000000000000e+01 8.729668715090421927e+01
4.200000000000000000e+01 8.909573379999679332e+01
