-6.000000000000000000e+01 6.235464247964699780e+00
-5.000000000000000000e+01 6.849675970711337492e+00
-3.000000000000000000e+01 1.002201416806746082e+01
-2.800000000000000000e+01 1.566759144355161304e+01
-2.600000000000000000e+01 1.697973954776082905e+01
-2.400000000000000000e+01 2.380803668322166899e+01
-2.200000000000000000e+01 2.758574847098127591e+01
-2.000000000000000000e+01 5.673691800219626913e+01
-1.800000000000000000e+01 1.058914131671509296e+02
-1.600000000000000000e+01 5.004600187882754767e+02
-1.400000000000000000e+01 4.538621927154634250e+03
-1.200000000000000000e+01 1.297831539721587069e+04
-1.000000000000000000e+01 2.358264056499693834e+04
-8.000000000000000000e+00 3.397376468620681408e+04
-6.000000000000000000e+00 4.470921543419937370e+04
-4.000000000000000000e+00 5.363927583928814420e+04
-2.000000000000000000e+00 6.118328465679976944e+04
0.000000000000000000e+00 6.356560675233275833e+04
2.000000000000000000e+00 6.091020142234267405e+04
4.000000000000000000e+00 5.320155115242095781e+04
6.000000000000000000e+00 4.294798523051632219e+04
8.000000000000000000e+00 3.259605478778167162e+04
1.000000000000000000e+01 2.206414575642405907e+04
1.200000000000000000e+01 1.293006615460534704e+04
1.400000000000000000e+01 4.063115936102281466e+03
1.600000000000000000e+01 5.144921793711806686e+02
1.800000000000000000e+01 9.819498523474099727e+01
2.000000000000000000e+01 4.579377789807752208e+01
2.200000000000000000e+01 2.653751741655172225e+01
2.400000000000000000e+01 2.395880416689887937e+01
2.600000000000000000e+01 2.051254816935541569e+01
2.800000000000000000e+01 1.313194114036572735e+01
3.000000000000000000e+01 7.680819287210328028e+00
