1604056948.37	1604056948.38
1604056948.39	1604056948.46
1604056948.46	1604056948.53
1604056948.53	1604056948.61
1604056948.61	1604056948.68
1604056948.68	1604056948.69
1604056948.7	1604056948.74
1604056948.75	1604056948.81
1604056948.82	1604056949.07
1604056949.08	1604056949.1
1604056949.12	1604056949.18
1604056949.19	1604056949.21
1604056949.22	1604056949.23
1604056949.24	1604056949.26
1604056949.26	1604056949.3
1604056949.31	1604056949.33
1604056949.33	1604056949.34
1604056949.34	1604056949.35
1604056949.36	1604056949.4
1604056949.4	1604056949.44
1604056949.45	1604056949.6
1604056949.61	1604056949.61
1604056949.62	1604056949.64
1604056949.64	1604056949.67
1604056949.67	1604056949.68
1604056949.69	1604056949.78
1604056949.78	1604056949.79
1604056949.8	1604056949.8
1604056949.81	1604056949.81
1604056949.82	1604056949.84
1604056949.85	1604056949.87
1604056949.88	1604056949.93
1604056949.93	1604056949.95
1604056949.95	1604056949.97
1604056949.98	1604056950.03
1604056950.03	1604056950.04
1604056950.05	1604056950.06
1604056950.06	1604056950.08
1604056950.09	1604056950.12
1604056950.13	1604056950.16
1604056950.17	1604056950.18
1604056950.19	1604056950.19
1604056950.2	1604056950.26
1604056950.26	1604056950.28
1604056950.29	1604056950.3
1604056950.3	1604056950.36
1604056950.36	1604056950.41
1604056950.41	1604056950.47
1604056950.48	1604056950.49
1604056950.49	1604056950.53
1604056950.53	1604056950.54
1604056950.55	1604056950.59
1604056950.6	1604056950.72
1604056950.72	1604056950.75
1604056950.75	1604056950.82
1604056950.84	1604056950.85
1604056950.85	1604056950.86
1604056950.87	1604056950.96
1604056950.96	1604056950.98
1604056950.99	1604056950.99
1604056951.0	1604056951.03
1604056951.03	1604056951.05
1604056951.06	1604056951.08
1604056951.1	1604056951.11
1604056951.11	1604056951.12
1604056951.12	1604056951.13
1604056951.14	1604056951.17
1604056951.18	1604056951.21
1604056951.22	1604056951.24
1604056951.24	1604056951.27
1604056951.27	1604056951.31
1604056951.32	1604056951.33
1604056951.33	1604056951.34
1604056951.35	1604056951.45
1604056951.45	1604056951.48
1604056951.49	1604056951.68
1604056951.68	1604056951.74
1604056951.74	1604056951.78
1604056951.79	1604056951.8
1604056951.8	1604056951.82
1604056951.83	1604056951.86
1604056951.86	1604056951.87
1604056951.88	1604056951.88
1604056951.89	1604056951.9
1604056951.91	1604056951.94
1604056951.94	1604056952.05
1604056952.06	1604056952.12
1604056952.13	1604056952.22
1604056952.23	1604056952.27
1604056952.28	1604056952.31
1604056952.32	1604056952.33
1604056952.34	1604056952.4
1604056952.4	1604056952.47
1604056952.48	1604056952.49
1604056952.5	1604056952.54
1604056952.55	1604056952.55
1604056952.56	1604056952.59
1604056952.6	1604056952.64
1604056952.65	1604056952.66
1604056952.67	1604056952.68
1604056952.69	1604056952.72
1604056952.73	1604056952.75
1604056952.75	1604056952.83
1604056952.84	1604056952.85
1604056952.86	1604056952.87
1604056952.87	1604056952.92
1604056952.93	1604056952.98
1604056952.99	1604056953.0
1604056953.01	1604056953.02
1604056953.03	1604056953.04
1604056953.05	1604056953.06
1604056953.07	1604056953.09
1604056953.09	1604056953.26
1604056953.27	1604056953.28
1604056953.29	1604056953.49
1604056953.5	1604056953.5
1604056953.51	1604056953.52
1604056953.53	1604056953.57
1604056953.57	1604056953.58
1604056953.59	1604056953.6
1604056953.6	1604056953.61
1604056953.61	1604056953.67
1604056953.67	1604056953.7
1604056953.71	1604056953.8
1604056953.81	1604056953.88
1604056953.88	1604056953.99
1604056954.0	1604056954.04
1604056954.05	1604056954.05
1604056954.06	1604056954.09
1604056954.09	1604056954.13
1604056954.14	1604056954.15
1604056954.15	1604056954.18
1604056954.18	1604056954.21
1604056954.21	1604056954.29
1604056954.3	1604056954.35
1604056954.36	1604056954.41
1604056954.41	1604056954.42
1604056954.42	1604056954.44
1604056954.45	1604056954.46
1604056954.47	1604056954.49
1604056954.5	1604056954.58
1604056954.59	1604056954.64
1604056954.65	1604056954.66
1604056954.66	1604056954.81
1604056954.81	1604056954.83
1604056954.83	1604056954.86
1604056954.87	1604056954.9
1604056954.91	1604056954.97
1604056954.98	1604056954.98
1604056954.99	1604056955.1
1604056955.11	1604056955.14
1604056955.14	1604056955.2
1604056955.2	1604056955.28
1604056955.29	1604056955.29
1604056955.3	1604056955.34
1604056955.34	1604056955.35
1604056955.36	1604056955.38
1604056955.38	1604056955.4
1604056955.4	1604056955.41
1604056955.42	1604056955.44
1604056955.45	1604056955.46
1604056955.46	1604056955.53
1604056955.53	1604056955.56
1604056955.56	1604056955.57
1604056955.58	1604056955.62
1604056955.63	1604056955.7
1604056955.7	1604056955.75
1604056955.76	1604056955.79
1604056955.8	1604056955.84
1604056955.85	1604056955.89
1604056955.9	1604056955.92
1604056955.92	1604056955.99
1604056956.0	1604056956.01
1604056956.02	1604056956.05
1604056956.06	1604056956.14
1604056956.14	1604056956.15
1604056956.16	1604056956.17
1604056956.18	1604056956.21
1604056956.22	1604056956.27
1604056956.27	1604056956.29
1604056956.29	1604056956.39
1604056956.4	1604056956.4
1604056956.41	1604056956.43
1604056956.43	1604056956.45
1604056956.45	1604056956.46
1604056956.47	1604056956.48
1604056956.49	1604056956.49
1604056956.5	1604056956.51
1604056956.53	1604056956.7
1604056956.7	1604056956.72
1604056956.73	1604056956.77
1604056956.77	1604056956.79
1604056956.8	1604056956.8
1604056956.81	1604056956.92
1604056956.93	1604056956.96
1604056956.97	1604056957.1
1604056957.1	1604056957.14
1604056957.15	1604056957.17
1604056957.18	1604056957.19
1604056957.2	1604056957.21
1604056957.22	1604056957.24
1604056957.24	1604056957.26
1604056957.27	1604056957.34
1604056957.34	1604056957.37
1604056957.38	1604056957.41
1604056957.41	1604056957.43
1604056957.44	1604056957.5
1604056957.51	1604056957.56
1604056957.57	1604056957.58
1604056957.59	1604056957.6
1604056957.61	1604056957.62
1604056957.63	1604056957.64
1604056957.64	1604056957.65
1604056957.66	1604056957.69
1604056957.7	1604056957.71
1604056957.72	1604056957.75
1604056957.76	1604056957.76
1604056957.77	1604056957.79
1604056957.79	1604056957.8
1604056957.81	1604056957.81
1604056957.82	1604056957.86
1604056957.87	1604056957.95
1604056957.95	1604056957.97
1604056957.97	1604056957.98
1604056957.98	1604056958.0
1604056958.01	1604056958.08
1604056958.08	1604056958.14
1604056958.15	1604056958.18
1604056958.19	1604056958.23
1604056958.24	1604056958.25
1604056958.26	1604056958.3
1604056958.33	1604056958.36
1604056958.36	1604056958.39
1604056958.4	1604056958.41
1604056958.42	1604056958.58
1604056958.59	1604056958.59
1604056958.6	1604056958.62
1604056958.63	1604056958.64
1604056958.64	1604056958.77
1604056958.77	1604056958.84
1604056958.85	1604056958.86
1604056958.87	1604056958.92
1604056958.93	1604056958.97
1604056958.97	1604056958.99
1604056959.0	1604056959.01
1604056959.01	1604056959.05
1604056959.06	1604056959.1
1604056959.11	1604056959.15
1604056959.16	1604056959.23
1604056959.23	1604056959.27
1604056959.28	1604056959.29
1604056959.29	1604056959.3
1604056959.31	1604056959.36
1604056959.36	1604056959.39
1604056959.4	1604056959.43
1604056959.44	1604056959.44
1604056959.45	1604056959.47
1604056959.48	1604056959.48
1604056959.49	1604056959.53
1604056959.54	1604056959.59
1604056959.6	1604056959.66
1604056959.67	1604056959.85
1604056959.86	1604056959.88
1604056959.89	1604056959.92
1604056959.92	1604056959.93
1604056959.94	1604056959.96
1604056959.96	1604056959.99
1604056960.0	1604056960.03
1604056960.04	1604056960.09
1604056960.09	1604056960.1
1604056960.1	1604056960.19
1604056960.2	1604056960.22
1604056960.23	1604056960.25
1604056960.26	1604056960.26
1604056960.27	1604056960.32
1604056960.33	1604056960.34
1604056960.35	1604056960.41
1604056960.42	1604056960.43
1604056960.43	1604056960.44
1604056960.45	1604056960.45
1604056960.46	1604056960.49
1604056960.5	1604056960.53
1604056960.55	1604056960.61
1604056960.62	1604056960.64
1604056960.65	1604056960.71
1604056960.72	1604056960.73
1604056960.73	1604056960.77
1604056960.78	1604056960.82
1604056960.83	1604056960.86
1604056960.87	1604056960.89
1604056960.9	1604056960.91
1604056960.92	1604056960.93
1604056960.94	1604056960.95
1604056960.96	1604056960.97
1604056960.98	1604056961.04
1604056961.05	1604056961.12
1604056961.13	1604056961.18
1604056961.19	1604056961.2
1604056961.21	1604056961.26
1604056961.26	1604056961.29
1604056961.29	1604056961.33
1604056961.34	1604056961.36
1604056961.37	1604056961.49
1604056961.51	1604056961.61
1604056961.62	1604056961.63
1604056961.64	1604056961.66
1604056961.66	1604056961.76
1604056961.77	1604056961.78
1604056961.78	1604056961.8
1604056961.81	1604056961.82
1604056961.82	1604056961.84
1604056961.84	1604056961.85
1604056961.86	1604056962.08
1604056962.1	1604056962.11
1604056962.11	1604056962.16
1604056962.16	1604056962.19
1604056962.2	1604056962.2
1604056962.21	1604056962.32
1604056962.33	1604056962.33
1604056962.34	1604056962.35
1604056962.36	1604056962.43
1604056962.44	1604056962.45
1604056962.45	1604056962.57
1604056962.57	1604056962.58
1604056962.59	1604056962.65
1604056962.65	1604056962.68
1604056962.69	1604056962.69
1604056962.7	1604056962.72
1604056962.73	1604056962.75
1604056962.76	1604056962.81
1604056962.82	1604056962.84
1604056962.84	1604056962.85
1604056962.86	1604056962.87
1604056962.87	1604056962.89
1604056962.9	1604056962.92
1604056962.93	1604056962.93
1604056962.94	1604056962.94
1604056962.95	1604056963.0
1604056963.01	1604056963.05
1604056963.06	1604056963.09
1604056963.1	1604056963.15
1604056963.15	1604056963.18
1604056963.18	1604056963.21
1604056963.22	1604056963.27
1604056963.27	1604056963.29
1604056963.3	1604056963.31
1604056963.32	1604056963.34
1604056963.35	1604056963.43
1604056963.44	1604056963.61
1604056963.61	1604056963.64
1604056963.64	1604056963.73
1604056963.74	1604056963.75
1604056963.76	1604056963.79
1604056963.79	1604056963.86
1604056963.87	1604056964.0
1604056964.01	1604056964.06
1604056964.07	1604056964.21
1604056964.21	1604056964.23
1604056964.23	1604056964.27
1604056964.28	1604056964.35
1604056964.35	1604056964.41
1604056964.42	1604056964.45
1604056964.45	1604056964.46
1604056964.47	1604056964.5
1604056964.5	1604056964.51
1604056964.52	1604056964.54
1604056964.55	1604056964.59
1604056964.59	1604056964.6
1604056964.6	1604056964.65
1604056964.65	1604056964.66
1604056964.67	1604056964.87
1604056964.88	1604056964.89
1604056964.9	1604056964.97
1604056964.97	1604056965.1
1604056965.11	1604056965.12
1604056965.12	1604056965.25
1604056965.26	1604056965.36
1604056965.36	1604056965.39
1604056965.39	1604056965.42
1604056965.43	1604056965.44
1604056965.45	1604056965.48
1604056965.49	1604056965.55
1604056965.56	1604056965.56
1604056965.57	1604056965.6
1604056965.61	1604056965.7
1604056965.7	1604056965.73
1604056965.73	1604056965.81
1604056965.81	1604056965.83
1604056965.84	1604056965.88
1604056965.89	1604056965.96
1604056965.97	1604056965.99
1604056966.0	1604056966.03
1604056966.04	1604056966.12
1604056966.13	1604056966.16
1604056966.16	1604056966.18
1604056966.19	1604056966.26
1604056966.27	1604056966.34
1604056966.34	1604056966.48
1604056966.49	1604056966.5
1604056966.51	1604056966.55
1604056966.56	1604056966.66
1604056966.67	1604056966.73
1604056966.74	1604056966.76
1604056966.77	1604056966.89
1604056966.9	1604056966.91
1604056966.92	1604056966.92
1604056966.93	1604056966.97
1604056966.98	1604056967.04
1604056967.04	1604056967.1
1604056967.11	1604056967.13
1604056967.13	1604056967.14
1604056967.15	1604056967.19
1604056967.2	1604056967.26
1604056967.26	1604056967.37
1604056967.37	1604056967.45
1604056967.46	1604056967.47
1604056967.47	1604056967.5
1604056967.51	1604056967.59
1604056967.61	1604056967.62
1604056967.63	1604056967.73
1604056967.73	1604056967.74
1604056967.75	1604056967.81
1604056967.81	1604056967.82
1604056967.83	1604056967.84
1604056967.85	1604056967.87
1604056967.88	1604056967.89
1604056967.89	1604056967.93
1604056967.94	1604056968.01
1604056968.02	1604056968.05
1604056968.05	1604056968.08
1604056968.09	1604056968.23
1604056968.24	1604056968.3
1604056968.33	1604056968.44
1604056968.45	1604056968.46
1604056968.48	1604056968.51
1604056968.52	1604056968.55
1604056968.56	1604056968.57
1604056968.58	1604056968.6
1604056968.61	1604056968.61
1604056968.63	1604056968.64
1604056968.64	1604056968.68
1604056968.69	1604056968.71
1604056968.72	1604056968.77
1604056968.78	1604056968.85
1604056968.86	1604056968.87
1604056968.87	1604056968.9
1604056968.91	1604056968.93
1604056968.93	1604056968.96
1604056968.96	1604056969.05
1604056969.05	1604056969.09
1604056969.1	1604056969.22
1604056969.23	1604056969.3
1604056969.3	1604056969.33
1604056969.33	1604056969.37
1604056969.37	1604056969.39
1604056969.41	1604056969.42
1604056969.44	1604056969.54
1604056969.55	1604056969.62
1604056969.62	1604056969.72
1604056969.73	1604056969.75
1604056969.75	1604056969.78
1604056969.79	1604056969.8
1604056969.81	1604056969.82
1604056969.83	1604056969.88
1604056969.89	1604056969.93
1604056969.93	1604056969.94
1604056969.95	1604056969.98
1604056969.99	1604056970.0
1604056970.01	1604056970.06
1604056970.06	1604056970.1
1604056970.11	1604056970.14
1604056970.14	1604056970.19
1604056970.2	1604056970.24
1604056970.25	1604056970.3
1604056970.32	1604056970.42
1604056970.42	1604056970.46
1604056970.47	1604056970.53
1604056970.54	1604056970.57
1604056970.58	1604056970.63
1604056970.63	1604056970.64
1604056970.65	1604056970.68
1604056970.68	1604056970.69
1604056970.7	1604056970.74
1604056970.75	1604056970.83
1604056970.83	1604056970.85
1604056970.85	1604056970.88
1604056970.9	1604056970.92
1604056970.93	1604056970.94
1604056970.94	1604056970.96
1604056970.96	1604056971.03
1604056971.04	1604056971.04
1604056971.05	1604056971.11
1604056971.11	1604056971.18
1604056971.19	1604056971.19
1604056971.2	1604056971.21
1604056971.21	1604056971.22
1604056971.23	1604056971.28
1604056971.29	1604056971.31
1604056971.32	1604056971.34
1604056971.34	1604056971.36
1604056971.36	1604056971.38
1604056971.39	1604056971.42
1604056971.43	1604056971.46
1604056971.46	1604056971.47
1604056971.48	1604056971.52
1604056971.53	1604056971.53
1604056971.54	1604056971.57
1604056971.58	1604056971.59
1604056971.59	1604056971.6
1604056971.61	1604056971.64
1604056971.65	1604056971.66
1604056971.66	1604056971.72
1604056971.72	1604056971.72
1604056971.73	1604056971.74
1604056971.75	1604056971.77
1604056971.78	1604056971.81
1604056971.82	1604056971.83
1604056971.83	1604056971.84
1604056971.85	1604056971.86
1604056971.86	1604056971.91
1604056971.92	1604056971.93
1604056971.94	1604056971.96
1604056971.96	1604056971.99
1604056972.0	1604056972.11
1604056972.12	1604056972.13
1604056972.14	1604056972.18
1604056972.19	1604056972.26
1604056972.27	1604056972.28
1604056972.28	1604056972.31
1604056972.32	1604056972.33
1604056972.34	1604056972.38
1604056972.39	1604056972.41
1604056972.41	1604056972.45
1604056972.46	1604056972.47
1604056972.48	1604056972.72
1604056972.73	1604056972.75
1604056972.75	1604056972.79
1604056972.79	1604056972.8
1604056972.81	1604056972.84
1604056972.85	1604056972.93
1604056972.93	1604056972.95
1604056972.96	1604056972.99
1604056973.0	1604056973.01
1604056973.01	1604056973.07
1604056973.08	1604056973.09
1604056973.1	1604056973.14
1604056973.14	1604056973.2
1604056973.21	1604056973.26
1604056973.26	1604056973.29
1604056973.3	1604056973.32
1604056973.33	1604056973.41
1604056973.42	1604056973.47
1604056973.48	1604056973.49
1604056973.49	1604056973.5
1604056973.51	1604056973.55
1604056973.55	1604056973.59
1604056973.6	1604056973.61
1604056973.62	1604056973.63
1604056973.64	1604056973.79
1604056973.79	1604056973.89
1604056973.9	1604056973.93
1604056973.94	1604056974.01
1604056974.02	1604056974.03
1604056974.04	1604056974.04
1604056974.05	1604056974.06
1604056974.07	1604056974.07
1604056974.08	1604056974.14
1604056974.14	1604056974.17
1604056974.17	1604056974.43
1604056974.43	1604056974.47
1604056974.47	1604056974.49
1604056974.49	1604056974.51
1604056974.51	1604056974.54
1604056974.55	1604056974.59
1604056974.59	1604056974.64
1604056974.65	1604056974.68
1604056974.68	1604056974.75
1604056974.75	1604056974.78
1604056974.78	1604056974.8
1604056974.8	1604056974.82
1604056974.83	1604056974.91
1604056974.92	1604056974.93
1604056974.94	1604056974.97
1604056974.98	1604056974.99
1604056974.99	1604056975.02
1604056975.03	1604056975.13
1604056975.13	1604056975.18
1604056975.19	1604056975.2
1604056975.2	1604056975.24
1604056975.25	1604056975.34
1604056975.35	1604056975.37
1604056975.38	1604056975.38
1604056975.39	1604056975.4
1604056975.41	1604056975.41
1604056975.42	1604056975.45
1604056975.46	1604056975.62
1604056975.63	1604056975.69
1604056975.69	1604056975.7
1604056975.71	1604056975.74
1604056975.75	1604056975.82
1604056975.83	1604056975.85
1604056975.86	1604056975.87
1604056975.88	1604056975.89
1604056975.9	1604056975.93
1604056975.93	1604056975.94
1604056975.94	1604056976.03
1604056976.04	1604056976.08
1604056976.08	1604056976.17
1604056976.17	1604056976.19
1604056976.19	1604056976.22
1604056976.23	1604056976.23
1604056976.24	1604056976.32
1604056976.32	1604056976.37
1604056976.38	1604056976.39
1604056976.39	1604056976.4
1604056976.41	1604056976.44
1604056976.44	1604056976.45
1604056976.46	1604056976.47
1604056976.48	1604056976.51
1604056976.52	1604056976.57
1604056976.58	1604056976.59
1604056976.59	1604056976.6
1604056976.61	1604056976.66
1604056976.67	1604056976.68
1604056976.69	1604056976.69
1604056976.7	1604056976.75
1604056976.76	1604056976.77
1604056976.78	1604056976.8
1604056976.81	1604056976.82
1604056976.83	1604056976.91
1604056976.92	1604056977.0
1604056977.0	1604056977.02
1604056977.03	1604056977.08
1604056977.09	1604056977.17
1604056977.17	1604056977.35
1604056977.35	1604056977.41
1604056977.42	1604056977.43
1604056977.43	1604056977.46
1604056977.46	1604056977.49
1604056977.5	1604056977.55
1604056977.56	1604056977.57
1604056977.57	1604056977.6
1604056977.61	1604056977.63
1604056977.63	1604056977.64
1604056977.65	1604056977.69
1604056977.7	1604056977.71
1604056977.71	1604056977.74
1604056977.75	1604056977.78
1604056977.78	1604056977.88
1604056977.89	1604056977.98
1604056977.99	1604056977.99
1604056978.0	1604056978.01
1604056978.02	1604056978.07
1604056978.07	1604056978.09
1604056978.1	1604056978.13
1604056978.13	1604056978.15
1604056978.15	1604056978.29
1604056978.29	1604056978.33
1604056978.34	1604056978.36
1604056978.37	1604056978.43
1604056978.43	1604056978.53
1604056978.53	1604056978.54
1604056978.54	1604056978.57
1604056978.58	1604056978.6
1604056978.61	1604056978.63
1604056978.63	1604056978.74
1604056978.75	1604056978.75
1604056978.76	1604056978.77
1604056978.78	1604056978.83
1604056978.84	1604056978.87
1604056978.88	1604056978.91
1604056978.91	1604056978.95
1604056978.96	1604056978.96
1604056978.97	1604056978.98
1604056978.98	1604056979.05
1604056979.06	1604056979.07
1604056979.07	1604056979.19
1604056979.19	1604056979.23
1604056979.24	1604056979.27
1604056979.28	1604056979.28
1604056979.29	1604056979.29
1604056979.3	1604056979.34
1604056979.35	1604056979.39
1604056979.4	1604056979.41
1604056979.41	1604056979.42
1604056979.43	1604056979.43
1604056979.44	1604056979.49
1604056979.49	1604056979.53
1604056979.54	1604056979.6
1604056979.61	1604056979.71
1604056979.72	1604056979.74
1604056979.74	1604056979.75
1604056979.76	1604056979.86
1604056979.86	1604056979.89
1604056979.89	1604056979.96
1604056979.97	1604056980.0
1604056980.01	1604056980.02
1604056980.03	1604056980.04
1604056980.05	1604056980.07
1604056980.08	1604056980.09
1604056980.1	1604056980.11
1604056980.11	1604056980.13
1604056980.13	1604056980.17
1604056980.18	1604056980.19
1604056980.19	1604056980.2
1604056980.21	1604056980.21
1604056980.22	1604056980.29
1604056980.3	1604056980.31
1604056980.31	1604056980.33
1604056980.34	1604056980.44
1604056980.45	1604056980.53
1604056980.53	1604056980.57
1604056980.57	1604056980.58
1604056980.58	1604056980.68
1604056980.68	1604056980.7
1604056980.71	1604056980.71
1604056980.72	1604056980.74
1604056980.75	1604056980.88
1604056980.88	1604056980.94
1604056980.95	1604056980.96
1604056980.97	1604056981.02
1604056981.02	1604056981.03
1604056981.04	1604056981.09
1604056981.09	1604056981.11
1604056981.11	1604056981.13
1604056981.13	1604056981.14
1604056981.14	1604056981.17
1604056981.18	1604056981.19
1604056981.2	1604056981.31
1604056981.32	1604056981.32
1604056981.33	1604056981.36
1604056981.36	1604056981.42
1604056981.42	1604056981.48
1604056981.49	1604056981.54
1604056981.55	1604056981.57
1604056981.58	1604056981.63
1604056981.64	1604056981.65
1604056981.65	1604056981.67
1604056981.67	1604056981.71
1604056981.72	1604056981.74
1604056981.75	1604056981.77
1604056981.78	1604056981.79
1604056981.8	1604056981.86
1604056981.86	1604056981.87
1604056981.87	1604056981.88
1604056981.88	1604056981.99
1604056982.0	1604056982.05
1604056982.06	1604056982.14
1604056982.15	1604056982.17
1604056982.17	1604056982.22
1604056982.23	1604056982.25
1604056982.26	1604056982.26
1604056982.27	1604056982.27
1604056982.28	1604056982.3
1604056982.3	1604056982.31
1604056982.32	1604056982.33
1604056982.34	1604056982.37
1604056982.37	1604056982.38
1604056982.39	1604056982.42
1604056982.42	1604056982.43
1604056982.44	1604056982.51
1604056982.52	1604056982.52
1604056982.53	1604056982.54
1604056982.54	1604056982.57
1604056982.58	1604056982.58
1604056982.59	1604056982.62
1604056982.63	1604056982.63
1604056982.64	1604056982.74
1604056982.74	1604056982.78
1604056982.79	1604056982.84
1604056982.84	1604056982.92
1604056982.93	1604056982.98
1604056982.98	1604056982.99
1604056983.0	1604056983.02
1604056983.03	1604056983.05
1604056983.06	1604056983.12
1604056983.13	1604056983.14
1604056983.15	1604056983.15
1604056983.16	1604056983.17
1604056983.17	1604056983.3
1604056983.31	1604056983.33
1604056983.34	1604056983.35
1604056983.36	1604056983.41
1604056983.41	1604056983.42
1604056983.42	1604056983.43
1604056983.44	1604056983.46
1604056983.47	1604056983.52
1604056983.53	1604056983.53
1604056983.54	1604056983.57
1604056983.58	1604056983.59
1604056983.6	1604056983.62
1604056983.63	1604056983.64
1604056983.65	1604056983.69
1604056983.69	1604056983.71
1604056983.72	1604056983.79
1604056983.8	1604056983.83
1604056983.84	1604056983.84
1604056983.85	1604056983.92
1604056983.92	1604056983.94
1604056983.95	1604056984.01
1604056984.01	1604056984.07
1604056984.07	1604056984.13
1604056984.14	1604056984.21
1604056984.21	1604056984.28
1604056984.28	1604056984.35
1604056984.35	1604056984.39
1604056984.4	1604056984.41
1604056984.41	1604056984.44
1604056984.45	1604056984.51
1604056984.51	1604056984.56
1604056984.57	1604056984.58
1604056984.58	1604056984.6
1604056984.6	1604056984.63
1604056984.63	1604056984.64
1604056984.65	1604056984.7
1604056984.71	1604056984.74
1604056984.75	1604056984.77
1604056984.77	1604056984.78
1604056984.79	1604056984.9
1604056984.91	1604056984.98
1604056984.98	1604056984.98
1604056984.99	1604056985.0
1604056985.01	1604056985.05
1604056985.06	1604056985.09
1604056985.1	1604056985.14
1604056985.14	1604056985.15
1604056985.15	1604056985.2
1604056985.2	1604056985.22
1604056985.23	1604056985.24
1604056985.24	1604056985.25
1604056985.26	1604056985.27
1604056985.27	1604056985.28
1604056985.29	1604056985.36
1604056985.37	1604056985.44
1604056985.44	1604056985.45
1604056985.46	1604056985.52
1604056985.53	1604056985.53
1604056985.54	1604056985.57
1604056985.58	1604056985.62
1604056985.62	1604056985.65
1604056985.66	1604056985.67
1604056985.68	1604056985.76
1604056985.77	1604056985.77
1604056985.78	1604056985.81
1604056985.82	1604056985.82
1604056985.83	1604056985.86
1604056985.86	1604056985.93
1604056985.93	1604056986.0
1604056986.01	1604056986.02
1604056986.02	1604056986.05
1604056986.06	1604056986.08
1604056986.09	1604056986.18
1604056986.19	1604056986.19
1604056986.2	1604056986.21
1604056986.21	1604056986.24
1604056986.25	1604056986.3
1604056986.31	1604056986.39
1604056986.39	1604056986.43
1604056986.44	1604056986.44
1604056986.45	1604056986.48
1604056986.48	1604056986.49
1604056986.5	1604056986.5
1604056986.51	1604056986.59
1604056986.59	1604056986.6
1604056986.6	1604056986.62
1604056986.63	1604056986.65
1604056986.66	1604056986.8
1604056986.81	1604056986.82
1604056986.83	1604056986.84
1604056986.85	1604056986.86
1604056986.87	1604056986.89
1604056986.9	1604056987.08
1604056987.08	1604056987.09
1604056987.1	1604056987.12
1604056987.12	1604056987.13
1604056987.14	1604056987.22
1604056987.22	1604056987.23
1604056987.24	1604056987.29
1604056987.3	1604056987.31
1604056987.32	1604056987.32
1604056987.33	1604056987.41
1604056987.41	1604056987.44
1604056987.45	1604056987.46
1604056987.47	1604056987.49
1604056987.49	1604056987.51
1604056987.52	1604056987.59
1604056987.59	1604056987.67
1604056987.68	1604056987.7
1604056987.7	1604056987.72
1604056987.72	1604056987.78
1604056987.79	1604056987.79
1604056987.8	1604056987.82
1604056987.83	1604056987.84
1604056987.84	1604056987.93
1604056987.93	1604056988.0
1604056988.0	1604056988.01
1604056988.02	1604056988.06
1604056988.06	1604056988.1
1604056988.11	1604056988.12
1604056988.12	1604056988.13
1604056988.14	1604056988.16
1604056988.16	1604056988.24
1604056988.24	1604056988.31
1604056988.32	1604056988.34
1604056988.35	1604056988.36
1604056988.37	1604056988.4
1604056988.4	1604056988.41
1604056988.42	1604056988.45
1604056988.45	1604056988.47
1604056988.47	1604056988.49
1604056988.5	1604056988.53
1604056988.54	1604056988.61
1604056988.61	1604056988.64
1604056988.65	1604056988.7
1604056988.71	1604056988.73
1604056988.74	1604056988.75
1604056988.76	1604056988.89
1604056988.89	1604056988.96
1604056988.96	1604056988.99
1604056989.0	1604056989.06
1604056989.07	1604056989.08
1604056989.08	1604056989.09
1604056989.1	1604056989.11
1604056989.11	1604056989.12
1604056989.13	1604056989.17
1604056989.17	1604056989.18
1604056989.19	1604056989.22
1604056989.23	1604056989.26
1604056989.26	1604056989.31
1604056989.33	1604056989.34
1604056989.34	1604056989.36
1604056989.36	1604056989.39
1604056989.4	1604056989.42
1604056989.43	1604056989.44
1604056989.45	1604056989.46
1604056989.47	1604056989.72
1604056989.72	1604056989.76
1604056989.77	1604056989.82
1604056989.82	1604056989.87
1604056989.88	1604056989.93
1604056989.94	1604056989.98
1604056989.98	1604056989.99
1604056990.0	1604056990.01
1604056990.02	1604056990.05
1604056990.05	1604056990.07
1604056990.08	1604056990.16
1604056990.16	1604056990.2
1604056990.21	1604056990.24
1604056990.25	1604056990.33
1604056990.33	1604056990.4
1604056990.41	1604056990.42
1604056990.42	1604056990.43
1604056990.44	1604056990.44
1604056990.45	1604056990.45
1604056990.46	1604056990.52
1604056990.53	1604056990.56
1604056990.57	1604056990.58
1604056990.59	1604056990.64
1604056990.64	1604056990.72
1604056990.72	1604056990.73
1604056990.74	1604056990.74
1604056990.75	1604056990.82
1604056990.83	1604056990.9
1604056990.91	1604056991.03
1604056991.03	1604056991.11
1604056991.11	1604056991.16
1604056991.17	1604056991.18
1604056991.18	1604056991.23
1604056991.23	1604056991.24
1604056991.25	1604056991.36
1604056991.36	1604056991.37
1604056991.38	1604056991.39
1604056991.39	1604056991.4
1604056991.41	1604056991.44
1604056991.45	1604056991.46
1604056991.46	1604056991.47
1604056991.48	1604056991.49
1604056991.5	1604056991.54
1604056991.54	1604056991.64
1604056991.65	1604056991.68
1604056991.68	1604056991.72
1604056991.73	1604056991.74
1604056991.74	1604056991.76
1604056991.76	1604056991.8
1604056991.8	1604056991.84
1604056991.84	1604056991.89
1604056991.9	1604056991.92
1604056991.93	1604056991.94
1604056991.95	1604056992.04
1604056992.04	1604056992.21
1604056992.22	1604056992.22
1604056992.23	1604056992.28
1604056992.29	1604056992.29
1604056992.3	1604056992.31
1604056992.32	1604056992.33
1604056992.34	1604056992.39
1604056992.4	1604056992.42
1604056992.43	1604056992.43
1604056992.44	1604056992.51
1604056992.52	1604056992.56
1604056992.57	1604056992.61
1604056992.62	1604056992.64
1604056992.64	1604056992.66
1604056992.66	1604056992.69
1604056992.7	1604056992.73
1604056992.73	1604056992.79
1604056992.79	1604056992.8
1604056992.8	1604056992.92
1604056992.93	1604056992.98
1604056992.98	1604056993.03
1604056993.04	1604056993.07
1604056993.08	1604056993.11
1604056993.12	1604056993.18
1604056993.19	1604056993.2
1604056993.2	1604056993.23
1604056993.24	1604056993.26
1604056993.27	1604056993.28
1604056993.28	1604056993.32
1604056993.33	1604056993.34
1604056993.34	1604056993.35
1604056993.36	1604056993.37
1604056993.37	1604056993.41
1604056993.41	1604056993.43
1604056993.43	1604056993.44
1604056993.45	1604056993.46
1604056993.46	1604056993.48
1604056993.48	1604056993.51
1604056993.51	1604056993.55
1604056993.56	1604056993.61
1604056993.62	1604056993.67
1604056993.67	1604056993.71
1604056993.71	1604056993.72
1604056993.73	1604056993.76
1604056993.77	1604056993.81
1604056993.82	1604056993.87
1604056993.88	1604056993.91
1604056993.92	1604056994.01
1604056994.01	1604056994.02
1604056994.03	1604056994.06
1604056994.07	1604056994.08
1604056994.08	1604056994.09
1604056994.1	1604056994.12
1604056994.12	1604056994.22
1604056994.23	1604056994.24
1604056994.25	1604056994.26
1604056994.26	1604056994.33
1604056994.33	1604056994.37
1604056994.38	1604056994.39
1604056994.4	1604056994.43
1604056994.44	1604056994.44
1604056994.45	1604056994.46
1604056994.46	1604056994.47
1604056994.48	1604056994.48
1604056994.49	1604056994.49
1604056994.5	1604056994.55
1604056994.55	1604056994.58
1604056994.59	1604056994.61
1604056994.62	1604056994.65
1604056994.66	1604056994.7
1604056994.7	1604056994.74
1604056994.75	1604056994.75
1604056994.76	1604056994.8
1604056994.81	1604056994.88
1604056994.89	1604056994.94
1604056994.94	1604056995.02
1604056995.02	1604056995.05
1604056995.06	1604056995.08
1604056995.08	1604056995.12
1604056995.13	1604056995.19
1604056995.2	1604056995.27
1604056995.28	1604056995.37
1604056995.37	1604056995.39
1604056995.4	1604056995.43
1604056995.44	1604056995.48
1604056995.48	1604056995.58
1604056995.58	1604056995.6
1604056995.61	1604056995.68
1604056995.68	1604056995.81
1604056995.81	1604056995.86
1604056995.87	1604056995.96
1604056995.97	1604056995.98
1604056996.0	1604056996.01
1604056996.01	1604056996.02
1604056996.02	1604056996.05
1604056996.06	1604056996.08
1604056996.08	1604056996.15
1604056996.15	1604056996.16
1604056996.17	1604056996.19
1604056996.2	1604056996.21
1604056996.21	1604056996.42
1604056996.43	1604056996.46
1604056996.47	1604056996.49
1604056996.5	1604056996.53
1604056996.54	1604056996.57
1604056996.57	1604056996.58
1604056996.59	1604056996.63
1604056996.64	1604056996.69
1604056996.69	1604056996.75
1604056996.77	1604056996.8
1604056996.81	1604056996.85
1604056996.85	1604056996.86
1604056996.86	1604056996.87
1604056996.88	1604056996.99
1604056997.0	1604056997.24
1604056997.25	1604056997.26
1604056997.26	1604056997.31
1604056997.31	1604056997.34
1604056997.35	1604056997.39
1604056997.4	1604056997.46
1604056997.47	1604056997.48
1604056997.48	1604056997.53
1604056997.53	1604056997.57
1604056997.57	1604056997.61
1604056997.62	1604056997.64
1604056997.65	1604056997.71
1604056997.71	1604056997.76
1604056997.76	1604056997.77
1604056997.77	1604056997.78
1604056997.79	1604056997.83
1604056997.84	1604056997.85
1604056997.86	1604056997.93
1604056997.93	1604056997.95
1604056997.95	1604056998.03
1604056998.03	1604056998.04
1604056998.04	1604056998.06
1604056998.07	1604056998.11
1604056998.11	1604056998.12
1604056998.13	1604056998.14
1604056998.14	1604056998.27
1604056998.28	1604056998.38
1604056998.41	1604056998.42
1604056998.42	1604056998.43
1604056998.44	1604056998.55
1604056998.56	1604056998.6
1604056998.61	1604056998.64
1604056998.64	1604056998.65
1604056998.66	1604056998.72
1604056998.72	1604056998.74
1604056998.74	1604056998.78
1604056998.79	1604056998.88
1604056998.88	1604056998.91
1604056998.91	1604056998.92
1604056998.93	1604056998.97
1604056998.98	1604056999.13
1604056999.13	1604056999.15
1604056999.16	1604056999.18
1604056999.19	1604056999.26
1604056999.27	1604056999.27
1604056999.28	1604056999.33
1604056999.34	1604056999.37
1604056999.37	1604056999.38
1604056999.39	1604056999.43
1604056999.43	1604056999.5
1604056999.5	1604056999.51
1604056999.52	1604056999.6
1604056999.61	1604056999.63
1604056999.63	1604056999.65
1604056999.65	1604056999.71
1604056999.72	1604056999.73
1604056999.73	1604056999.79
1604056999.8	1604056999.81
1604056999.81	1604056999.83
1604056999.84	1604056999.86
1604056999.86	1604056999.89
1604056999.89	1604056999.91
1604056999.91	1604057000.06
1604057000.06	1604057000.1
1604057000.11	1604057000.13
1604057000.14	1604057000.18
1604057000.18	1604057000.19
1604057000.2	1604057000.21
1604057000.21	1604057000.28
1604057000.28	1604057000.33
1604057000.33	1604057000.35
1604057000.36	1604057000.4
1604057000.4	1604057000.4
1604057000.41	1604057000.41
1604057000.42	1604057000.44
1604057000.44	1604057000.46
1604057000.48	1604057000.52
1604057000.52	1604057000.53
1604057000.54	1604057000.57
1604057000.57	1604057000.58
1604057000.59	1604057000.59
1604057000.6	1604057000.75
1604057000.76	1604057000.8
1604057000.8	1604057000.83
1604057000.84	1604057000.84
1604057000.85	1604057000.94
1604057000.95	1604057001.03
1604057001.04	1604057001.18
1604057001.19	1604057001.19
1604057001.2	1604057001.22
1604057001.23	1604057001.37
1604057001.38	1604057001.39
1604057001.4	1604057001.48
1604057001.49	1604057001.49
1604057001.5	1604057001.53
1604057001.54	1604057001.58
1604057001.59	1604057001.64
1604057001.64	1604057001.71
1604057001.71	1604057001.74
1604057001.74	1604057001.78
1604057001.79	1604057001.8
1604057001.81	1604057001.88
1604057001.88	1604057001.89
1604057001.9	1604057001.92
1604057001.93	1604057001.99
1604057002.0	1604057002.02
1604057002.03	1604057002.06
1604057002.06	1604057002.08
1604057002.08	1604057002.1
1604057002.11	1604057002.13
1604057002.13	1604057002.14
1604057002.15	1604057002.22
1604057002.23	1604057002.28
1604057002.28	1604057002.33
1604057002.33	1604057002.37
1604057002.38	1604057002.41
1604057002.43	1604057002.44
1604057002.44	1604057002.49
1604057002.5	1604057002.52
1604057002.53	1604057002.54
1604057002.55	1604057002.57
1604057002.58	1604057002.7
1604057002.7	1604057002.72
1604057002.72	1604057002.74
1604057002.74	1604057002.76
1604057002.76	1604057002.79
1604057002.8	1604057002.81
1604057002.81	1604057002.83
1604057002.84	1604057002.84
1604057002.85	1604057002.86
1604057002.86	1604057002.89
1604057002.9	1604057002.91
1604057002.92	1604057003.04
1604057003.05	1604057003.08
1604057003.09	1604057003.11
1604057003.12	1604057003.14
1604057003.15	1604057003.18
1604057003.18	1604057003.19
1604057003.19	1604057003.2
1604057003.21	1604057003.32
1604057003.33	1604057003.35
1604057003.36	1604057003.5
1604057003.51	1604057003.55
1604057003.56	1604057003.58
1604057003.58	1604057003.59
1604057003.59	1604057003.64
1604057003.64	1604057003.65
1604057003.66	1604057003.66
1604057003.67	1604057003.68
1604057003.68	1604057003.7
1604057003.7	1604057003.89
1604057003.9	1604057003.93
1604057003.93	1604057003.96
1604057003.97	1604057004.02
1604057004.03	1604057004.13
1604057004.14	1604057004.21
1604057004.22	1604057004.24
1604057004.25	1604057004.26
1604057004.27	1604057004.33
1604057004.34	1604057004.37
1604057004.38	1604057004.44
1604057004.45	1604057004.46
1604057004.46	1604057004.47
1604057004.48	1604057004.6
1604057004.61	1604057004.82
1604057004.83	1604057004.83
1604057004.84	1604057004.87
1604057004.87	1604057004.89
1604057004.9	1604057004.91
1604057004.92	1604057004.94
1604057004.95	1604057004.99
1604057005.0	1604057005.02
1604057005.02	1604057005.07
1604057005.08	1604057005.2
1604057005.21	1604057005.25
1604057005.25	1604057005.33
1604057005.34	1604057005.37
1604057005.37	1604057005.44
1604057005.44	1604057005.47
1604057005.48	1604057005.49
1604057005.5	1604057005.51
1604057005.52	1604057005.54
1604057005.54	1604057005.55
1604057005.55	1604057005.58
1604057005.59	1604057005.62
1604057005.62	1604057005.68
1604057005.68	1604057005.71
1604057005.72	1604057005.77
1604057005.77	1604057005.84
1604057005.85	1604057005.85
1604057005.86	1604057005.88
1604057005.88	1604057005.89
1604057005.89	1604057005.98
1604057005.99	1604057006.04
1604057006.04	1604057006.06
1604057006.06	1604057006.07
1604057006.08	1604057006.09
1604057006.09	1604057006.16
1604057006.16	1604057006.19
1604057006.19	1604057006.2
1604057006.21	1604057006.23
1604057006.24	1604057006.35
1604057006.35	1604057006.39
1604057006.39	1604057006.54
1604057006.54	1604057006.56
1604057006.57	1604057006.58
1604057006.58	1604057006.63
1604057006.63	1604057006.68
1604057006.69	1604057006.71
1604057006.72	1604057006.73
1604057006.73	1604057006.76
1604057006.76	1604057006.96
1604057006.96	1604057006.97
1604057006.98	1604057007.01
1604057007.02	1604057007.05
1604057007.05	1604057007.06
1604057007.07	1604057007.08
1604057007.09	1604057007.11
1604057007.11	1604057007.12
1604057007.13	1604057007.16
1604057007.16	1604057007.17
1604057007.18	1604057007.19
1604057007.2	1604057007.22
1604057007.23	1604057007.24
1604057007.24	1604057007.25
1604057007.25	1604057007.33
1604057007.34	1604057007.37
1604057007.38	1604057007.42
1604057007.43	1604057007.44
1604057007.44	1604057007.46
1604057007.46	1604057007.51
1604057007.52	1604057007.53
1604057007.54	1604057007.56
1604057007.57	1604057007.63
1604057007.64	1604057007.66
1604057007.67	1604057007.67
1604057007.68	1604057007.77
1604057007.78	1604057007.8
1604057007.81	1604057007.81
1604057007.82	1604057007.86
1604057007.86	1604057007.88
1604057007.88	1604057007.89
1604057007.9	1604057007.92
1604057007.92	1604057007.98
1604057007.99	1604057008.0
1604057008.01	1604057008.09
1604057008.1	1604057008.14
1604057008.15	1604057008.17
1604057008.18	1604057008.23
1604057008.24	1604057008.25
1604057008.25	1604057008.28
1604057008.29	1604057008.36
1604057008.36	1604057008.41
1604057008.42	1604057008.44
1604057008.45	1604057008.58
1604057008.59	1604057008.6
1604057008.6	1604057008.65
1604057008.65	1604057008.76
1604057008.76	1604057008.79
1604057008.8	1604057008.81
1604057008.81	1604057008.85
1604057008.85	1604057008.88
1604057008.88	1604057008.91
1604057008.92	1604057008.96
1604057008.97	1604057009.04
1604057009.04	1604057009.06
1604057009.07	1604057009.1
1604057009.1	1604057009.11
1604057009.12	1604057009.13
1604057009.13	1604057009.19
1604057009.2	1604057009.24
1604057009.25	1604057009.31
1604057009.31	1604057009.32
1604057009.33	1604057009.36
1604057009.37	1604057009.37
1604057009.38	1604057009.39
1604057009.39	1604057009.43
1604057009.44	1604057009.46
1604057009.47	1604057009.48
1604057009.49	1604057009.51
1604057009.52	1604057009.52
1604057009.53	1604057009.59
1604057009.6	1604057009.65
1604057009.65	1604057009.66
1604057009.67	1604057009.75
1604057009.75	1604057009.78
1604057009.79	1604057009.81
1604057009.82	1604057009.85
1604057009.85	1604057009.88
1604057009.89	1604057009.9
1604057009.91	1604057009.93
1604057009.94	1604057009.96
1604057009.96	1604057010.0
1604057010.01	1604057010.1
1604057010.1	1604057010.15
1604057010.15	1604057010.16
1604057010.17	1604057010.32
1604057010.32	1604057010.34
1604057010.35	1604057010.36
1604057010.36	1604057010.4
1604057010.4	1604057010.42
1604057010.43	1604057010.46
1604057010.47	1604057010.48
1604057010.49	1604057010.5
1604057010.5	1604057010.6
1604057010.61	1604057010.62
1604057010.62	1604057010.69
1604057010.69	1604057010.7
1604057010.71	1604057010.75
1604057010.75	1604057010.78
1604057010.78	1604057010.83
1604057010.84	1604057010.85
1604057010.86	1604057010.89
1604057010.9	1604057010.91
1604057010.92	1604057010.96
1604057010.97	1604057011.03
1604057011.04	1604057011.06
1604057011.07	1604057011.11
1604057011.12	1604057011.17
1604057011.17	1604057011.24
1604057011.24	1604057011.25
1604057011.26	1604057011.28
1604057011.29	1604057011.31
1604057011.31	1604057011.47
1604057011.48	1604057011.53
1604057011.54	1604057011.55
1604057011.55	1604057011.59
1604057011.6	1604057011.61
1604057011.61	1604057011.62
1604057011.63	1604057011.63
1604057011.63	1604057011.64
1604057011.65	1604057011.68
1604057011.69	1604057011.71
1604057011.71	1604057011.73
1604057011.74	1604057011.77
1604057011.77	1604057011.86
1604057011.86	1604057011.87
1604057011.87	1604057011.91
1604057011.91	1604057011.94
1604057011.95	1604057012.0
1604057012.01	1604057012.03
1604057012.04	1604057012.05
1604057012.05	1604057012.06
1604057012.07	1604057012.2
1604057012.21	1604057012.21
1604057012.22	1604057012.26
1604057012.27	1604057012.28
1604057012.29	1604057012.3
1604057012.3	1604057012.31
1604057012.32	1604057012.35
1604057012.35	1604057012.42
1604057012.42	1604057012.45
1604057012.46	1604057012.48
1604057012.48	1604057012.49
1604057012.49	1604057012.5
1604057012.51	1604057012.57
1604057012.58	1604057012.58
1604057012.59	1604057012.71
1604057012.71	1604057012.73
1604057012.73	1604057012.74
1604057012.75	1604057012.78
1604057012.78	1604057012.81
1604057012.81	1604057012.82
1604057012.83	1604057012.85
1604057012.85	1604057012.88
1604057012.88	1604057012.9
1604057012.9	1604057012.96
1604057012.97	1604057013.02
1604057013.02	1604057013.06
1604057013.07	1604057013.09
1604057013.1	1604057013.22
1604057013.22	1604057013.23
1604057013.24	1604057013.3
1604057013.31	1604057013.34
1604057013.34	1604057013.38
1604057013.39	1604057013.41
1604057013.42	1604057013.44
1604057013.45	1604057013.45
1604057013.46	1604057013.69
1604057013.7	1604057013.82
1604057013.83	1604057013.85
1604057013.85	1604057013.92
1604057013.93	1604057013.95
1604057013.95	1604057013.97
1604057013.97	1604057014.07
1604057014.07	1604057014.09
1604057014.1	1604057014.17
1604057014.17	1604057014.19
1604057014.2	1604057014.32
1604057014.32	1604057014.43
1604057014.44	1604057014.5
1604057014.51	1604057014.54
1604057014.54	1604057014.65
1604057014.65	1604057014.69
1604057014.7	1604057014.84
1604057014.85	1604057014.86
1604057014.87	1604057014.88
1604057014.89	1604057014.91
1604057014.92	1604057014.98
1604057014.99	1604057015.01
1604057015.02	1604057015.04
1604057015.05	1604057015.1
1604057015.1	1604057015.11
1604057015.11	1604057015.14
1604057015.14	1604057015.19
1604057015.2	1604057015.28
1604057015.28	1604057015.42
1604057015.43	1604057015.45
1604057015.46	1604057015.63
1604057015.64	1604057015.67
1604057015.67	1604057015.68
1604057015.68	1604057015.75
1604057015.76	1604057015.87
1604057015.88	1604057016.07
1604057016.07	1604057016.09
1604057016.1	1604057016.17
1604057016.17	1604057016.2
1604057016.21	1604057016.29
1604057016.3	1604057016.48
1604057016.49	1604057016.59
1604057016.59	1604057016.6
1604057016.61	1604057016.65
1604057016.66	1604057016.69
1604057016.69	1604057016.76
1604057016.77	1604057016.83
1604057016.83	1604057016.84
1604057016.85	1604057016.89
1604057016.9	1604057016.9
1604057016.91	1604057016.92
1604057016.93	1604057016.95
1604057016.96	1604057017.0
1604057017.0	1604057017.01
1604057017.02	1604057017.06
1604057017.06	1604057017.07
1604057017.08	1604057017.13
1604057017.14	1604057017.23
1604057017.24	1604057017.26
1604057017.27	1604057017.28
1604057017.29	1604057017.3
1604057017.3	1604057017.31
1604057017.32	1604057017.44
1604057017.45	1604057017.49
1604057017.49	1604057017.54
1604057017.55	1604057017.57
1604057017.57	1604057017.58
1604057017.59	1604057017.59
1604057017.6	1604057017.63
1604057017.63	1604057017.73
1604057017.73	1604057017.77
1604057017.77	1604057017.8
1604057017.81	1604057017.81
1604057017.82	1604057017.82
1604057017.83	1604057017.87
1604057017.88	1604057017.93
1604057017.93	1604057017.97
1604057017.98	1604057018.0
1604057018.01	1604057018.03
1604057018.04	1604057018.04
1604057018.05	1604057018.06
1604057018.07	1604057018.1
1604057018.1	1604057018.14
1604057018.14	1604057018.32
